-0.1219627 -0.203124 -0.151259 -0.03726067 -0.09954424
-0.127078 -0.1343873 -0.1665348 -0.1086779 0.05578299
-0.1137281 0.6042272 -0.1363214 -0.5208008 0.2574118
0.08526175 0.05472223 0.1808489 0.04401758 -0.2771599
0.064667 0.07152088 0.08245365 -0.03329670 -0.001276027
-0.06360616 -0.5371625 0.1364630 0.01470998 0.3876100
0.05586815 -0.02084630 0.03094976 0.0375123 0.0422174
-0.01470316 -0.005673645 0.09555753 0.2235422 0.1265087
-0.03954691 0.4576921 -0.1782481 0.02939513 -0.05843254
-0.2557127 -0.09716935 0.02245964 0.04962429 -0.3479383
-0.004437411 0.00378098 -0.002301936 -0.00642352 -0.2088991
0.4618615 0.01136411 0.05627916 -0.002324508 -0.004191255
-0.02270280 0.1432359 0.06401657 -0.01401282 -0.02484979
0.1089600 -0.2720695 -0.08258806 -0.04737509 0.4128755
-0.0817429 -0.02031101 0.008989612 0.08159804 -0.07517478
0.01693442 0.0448515 -0.09777529 -0.4622742 -0.09006483
0.08415083 -0.08711315 0.1399266 -0.01493740
