5 9 12 5 9
5 10 5 6 5
6 4 6 9 5
6 5 5 5 5
5 5 6 9 10
5 7 12 12 5
9 9 5 9 8
11 9 8 6 5
6 5 5 5 5
5 5 6 10 6
5 6 5 5 9
5 5 5 5 12
5 5 8 6 5
2 6 4 2 5
4 5 6 5 5
5 6 8 5 6
12 5 5 5 5
5 6 3 10 5
5 9 11 5 5
12 5 5 5 5
2 9 3 4 12
5 5 6 6 6
2 6 5 5 5
3 5 12 5 6
5 5 6 5 5
5 5 5 5 4
2 5 1 6 6
5 5 10 9 6
5 5 1 9 5
5 5 8 9 9
6 9 11 5 5
9 5 5 6 5
6 5 9 5 5
2 9 5 6 5
5 12 5 5 12
6 5 5 5 7
5 5 5 8 5
5 12 11 5 2
9 5 3 5 3
5 6 3 1 11
5 5 5 5 9
5 1 5 11 6
5 9 5 8 5
6 3 5 9 5
9 5 6 5 5
5 5 5 12 5
12 5 5 9 9
5 5 6 5 6
6 5 5 5 5
5 9 5 5 5
5 9 9 5 6
6 5 5 8 5
5 5 6 5 9
10 5 12 5 5
12 6 5 5 5
4 5 5 5 2
5 12 5 5 10
5 6 5 9 5
5 6 6 12 5
2 5 5 6 7
5 4 7 2 5
5 8 5 5 12
3 5 5 9 5
5 5 8 5 5
9 9 8 4 5
10 6 10 5 6
9 5 5 9 1
5 6 5 10 5
10 9 8 11 5
5 5 5 1 5
6 5 5 3 5
7 1 10 5 5
9 9 5 9 6
5 6 11 9 9
6 5 5 5 9
4 5 4 5 8
3 5 5 5 5
9 9 2 5 5
5 5 5 5 11
9 5 5 5 6
6 12 1 9 3
2 9 5 5 12
6 9 6 5 5
5 9 5 5 5
5 7 4 6 12
9 5 5 2 8
12 5 5 6 5
6 12 6 5 5
12 6 12 9 6
5 5 5 5 5
5 5 5 6 9
12 1 12 12 5
3 5 5 9 7
6 5 5 5 9
5 9 6 5 10
9 6 6 5 9
5 3 12 6 5
9 6 12 6 5
5 5 6 6 1
5 5 2 5 5
5 12 5 5 5
9 5 5 5 5
3 5 9 5 5
12 5 6 5 5
5 5 9 5 5
5 5 5 5 1
5 5 5 5 5
9 6 6 8 5
8 7 9 5 5
5 9 5 9 6
5 3 7 5 9
8 6 3 12 6
5 9 9 12 5
5 5 5 8 7
5 5 6 5 5
9 5 1 1 5
12 5 12 9 9
9 4 9 9 5
10 12 1 5 5
5 5 5 9 5
5
