1 13765873
2 74939570
3 87395579
4 7402229
5 46783253
6 14588290
7 17364176
8 31671926
9 13814651
10 16432636
11 17918832
12 62889294
13 9495559
14 27452410
15 67915760
16 38178174
17 28448249
18 57013242
19 84243328
20 7159617
21 96458611
22 11498259
23 12589788
24 26545875
25 28555159
26 7821640
27 81286688
28 94953351
29 10898412
30 16906174
31 34825634
32 50336703
33 10057340
34 17591851
35 97904068
36 27128268
37 35917694
38 16368427
39 69705261
40 15261067
41 13805906
42 45215977
43 20784433
44 36858045
45 7160636
46 13765873
47 36668800
48 15426090
49 67411007
50 71087757
51 13115539
52 35468145497
53 32029534
54 31971960
55 62358742
56 41881839
57 79835015
58 16345238
59 75919960
60 30798889
61 35178727
62 59125128
63 82703048
64 96131010
65 40615055
66 91919735
67 16964914
68 13398462
69 18947092
70 45741555
71 43584058
72 82321034
73 77804948
74 68151423
75 11798645
76 71745788
77 79801874
78 33953253
79 84299631
80 66234131
81 42812461
82 58728257
83 66773463
84 72324747
85 46203048
86 16209788
87 57253263
88 66671682
89 98214568
90 36684008
91 48105870
92 41258641
93 77664986
94 41894141375
95 48891180
96 80189076
97 37974403
98 10131260
99 72324736
100 30665602
