185682456 196
207356944 223
138678850 191
252108348 239
185950715 209
191421638 102
514626291 55
60991683 160
195720743 225
140604945 234
429806516 103
466134648 156
123673606 39
142062845 24
326758769 36
194709929 106
185951168 10
162065986 258
171586916 81
476903908 211
131157153 83
202260067 228
125507033 163
102694335 249
190330948 235
137118149 236
232336505 230
195893046 185
138017540 252
154279103 175
307124460 136
1507375654 203
1880969061 52
190328290 137
196094332 157
498784414 50
190546179 153
202262522 246
386280382 273
487314737 165
190310670 66
2087644244 176
1082546001 88
2252846137 33
516844232 267
176215995 78
193090763 259
436041334 110
155465808 105
122401569 84
159087824 147
184562280 199
167474311 48
200018726 12
484628839 172
1491680516 219
2114185924 154
180678561 149
1812582746 18
289926556 264
468899152 85
484527248 86
498834590 96
58056754 221
252778917 170
43419800 11
216632093 98
252108346 51
138290246 222
1566039370 20
433112233 54
870009913 67
263262110 107
174751259 144
865761306 68
2092432434 62
508701754 44
239980821 111
191402608 158
99772927 139
294242905 140
195893052 183
179124082 150
1307028322 19
196094333 72
1128524580 75
1511458697 200
189042059 194
268120331 250
190309162 41
250783863 87
30048575 49
121602511 253
207358505 231
462168819 35
71020648 94
166512314 266
2057317812 30
2215949379 123
190302609 245
361287539 109
194393772 143
206328629 145
141758386 15
2109505172 124
190134277 198
173507247 128
144880102 192
195717298 232
2073214164 34
1509425233 23
188412178 216
2225456448 204
339771480 190
171586860 131
138793573 2
180678804 148
324581895 112
66678269 260
58053519 270
506599214 16
1315519829 177
121600268 169
190269081 237
143259751 162
429810203 59
2126247499 58
316814970 120
93396692 133
872935179 71
191421644 46
826891907 220
404525278 262
1306769626 178
126025578 164
2114323363 155
195881231 180
305893543 207
131157060 241
171586987 206
115624407 159
100392783 268
2149287995 125
166507830 167
58057947 269
498755319 118
268176586 271
265191093 6
195865206 181
166514434 37
476711750 28
195735535 210
2044404816 31
351145828 43
205756238 116
325372642 195
196444278 227
154283348 263
215202930 95
484527226 251
129856364 100
190215936 14
172683262 265
1509201764 21
1407147755 101
250039588 212
339897509 197
484527258 113
47860848 214
195893048 187
177640053 74
425222600 114
204386184 13
39665800 142
1512294930 64
2145841911 57
466134652 188
2120824453 8
138290196 217
174050825 79
138316928 193
2108857523 126
1779811457 127
139568689 1
2120823989 5
1490825537 247
321727100 121
2192108633 32
205754984 117
527808255 27
162850905 151
364027440 99
195881228 186
1086880494 274
777813331 45
1365961546 76
232334199 122
113940171 42
140604943 238
810825602 63
180685185 53
1509721521 22
1779812399 9
432358986 208
190303092 242
195715619 224
403772414 261
191421643 90
163411779 146
230889886 256
212593531 161
174684334 257
866610059 89
867452620 272
248998292 77
195893050 182
190304138 243
152757987 80
400917195 119
2174463446 56
195881232 184
232338643 226
190308217 244
443512852 38
2114795961 61
506599294 73
2072003372 205
196440466 229
2109634854 135
516636153 189
205755765 213
873519571 3
2124867519 29
159089273 152
520750285 115
26580844 65
164217307 130
191480941 47
870743722 4
239980823 166
239291474 215
463607120 171
2214930411 91
2007610121 7
468903000 174
1512321894 201
266871551 254
137539487 255
874776720 69
168902320 129
191421636 179
190518093 218
195718750 233
185682457 202
239980837 168
869093537 17
191256697 70
167050444 132
1985273544 92
185319664 82
191402609 40
2258093196 138
99772933 141
195893049 134
2048423011 240
506599304 97
263263561 108
141470764 25
481984050 26
517059148 248
529036255 60
190471175 93
463607124 173
138674858 104
