-0.09702576 -0.1123508 0.5510455 -0.09702576 -0.1066782
-0.1009663 -0.1298623 -0.1087038 -0.1285466 -0.09702576
-0.1252547 -0.07436349 -0.1285466 -0.1066782 -0.1028309
-0.1032897 -0.1002714 -0.1159563 -0.09702576 -0.09702576
-0.1007258 -0.09702576 -0.1285466 -0.1129012 0.1677183
-0.1020368 -0.1378777 0.3953092 0.8356807 -0.09702576
-0.1037645 -0.1111942 -0.1087038 -0.1066782 -0.1739936
-0.1215856 -0.1088561 -0.1417892 -0.1285466 -0.09702576
-0.1285466 -0.1025986 -0.09702576 -0.1015944 -0.09702576
-0.1133965 -0.09702576 -0.1285466 -0.1285023 -0.1285466
-0.1006740 -0.1285466 -0.09702576 -0.1087038 -0.1088561
-0.1020368 -0.09702576 -0.09702576 -0.1028911 0.5739491
-0.1009663 -0.1000457 -0.1869738 -0.1252547 -0.1004648
-0.1915155 -0.1252547 -0.07436349 -0.2274430 -0.1039284
0.1059876 -0.09702576 -0.1285466 -0.09338622 -0.09702576
-0.09702576 -0.1252547 -0.1869738 -0.09702576 -0.1285466
0.5510455 -0.09702576 -0.1122779 -0.1020368 -0.09702576
-0.09702576 -0.1285466 -0.1623737 0.1677183 -0.1020368
-0.09702576 -0.1078723 -0.1143568 -0.09702576 -0.1004822
0.5510455 -0.1002714 -0.09702576 -0.1024340 -0.1163719
-0.1958058 -0.1088561 -0.1498406 -0.07436349 0.8356807
-0.09702576 -0.09702576 -0.1252547 -0.1252547 -0.1285466
-0.1754160 -0.1392752 -0.09702576 -0.09702576 -0.1020368
-0.1527866 -0.1025986 0.3481196 -0.1012549 -0.1252547
-0.1010288 -0.1025986 -0.1285466 -0.1082646 -0.1078437
-0.09702576 -0.09702576 -0.1006740 -0.1038510 -0.07436349
-0.1915155 -0.1020368 0.04225979 -0.1285466 -0.1252547
-0.09702576 -0.1013424 0.1677183 -0.1111942 -0.1285466
-0.09702576 -0.1020368 -0.1236183 -0.1088735 -0.1002714
-0.09702576 -0.09702576 -0.1995282 -0.1083827 -0.1094693
-0.1252547 -0.1066782 -0.1098723 -0.09702576 -0.1038510
-0.1168667 -0.09702576 -0.1163719 -0.1285466 -0.1249520
-0.1252547 -0.1028345 -0.1111253 -0.1007258 -0.09702576
-0.1835870 -0.1066782 -0.1024340 -0.1249337 -0.1038510
-0.09702576 0.5739491 -0.0998734 -0.09702576 0.5510455
-0.1285466 -0.1025986 -0.09702576 -0.1020368 -0.1326431
-0.1249520 -0.09702576 -0.09702576 -0.1869738 -0.0998734
-0.1007258 0.707138 -0.116771 -0.09702576 -0.2519492
-0.1037645 -0.1038510 -0.1527866 -0.09702576 -0.1527866
-0.1025986 -0.1252547 -0.1527866 -0.1236183 -0.1105738
-0.1082646 -0.09702576 -0.1006740 -0.1148518 -0.1037645
-0.09702576 -0.1361122 -0.09702576 -0.1161678 -0.1285466
-0.09702576 -0.1037645 -0.09702576 -0.1379607 -0.09702576
-0.1285466 -0.1366248 -0.09702576 -0.1042207 -0.1148518
-0.1027932 -0.1087384 -0.1285466 -0.09702576 -0.09702576
-0.09702576 -0.1038510 -0.09702576 0.8173759 -0.09702576
0.5510455 -0.1020368 -0.09702576 -0.1066782 -0.1037645
-0.0998734 -0.1020368 -0.1252547 -0.1029094 -0.1285466
-0.1252547 -0.1117126 -0.09702576 -0.1038510 -0.09702576
-0.09685315 -0.1066782 -0.1009663 -0.1010288 -0.09702576
-0.09685315 -0.1081912 -0.1066782 -0.09206387 -0.1285466
-0.1285466 -0.09702576 -0.1039284 -0.1417892 -0.1063695
-0.09702576 -0.1038510 -0.1252547 -0.0998734 -0.1037645
0.1677183 -0.0998734 0.5510455 -0.09747216 -0.1020368
0.5739491 -0.1285466 -0.09702576 -0.1020368 -0.09702576
-0.07436349 -0.1063695 -0.09685315 -0.09702576 -0.2212417
-0.09702576 0.5510455 -0.09702576 -0.1009663 0.1677183
-0.1038510 -0.1285466 -0.1020368 -0.1088561 -0.09685315
0.004672704 -0.1285466 -0.1285466 0.8173759 -0.09702576
-0.1915155 -0.1028911 -0.09702576 -0.1252547 -0.1266961
-0.09702576 -0.07436349 -0.1269668 -0.1915155 -0.09685315
-0.09702576 -0.189574 -0.1051982 -0.1006740 0.5739491
-0.1527866 -0.1009663 -0.1020368 -0.08817803 -0.1163719
-0.1063695 -0.1038510 -0.1417892 -0.08860745 -0.1116558
-0.1104031 -0.1037645 -0.1869738 -0.07436349 -0.1015439
0.1677183 -0.1252547 -0.1281129 -0.1002714 -0.1252547
-0.1107641 -0.09702576 -0.1027062 -0.1156202 -0.1579369
-0.1009663 -0.1252547 -0.1009663 -0.1285023 -0.1038510
0.1677183 -0.1105032 -0.1417892 -0.1197755 -0.1020368
-0.09702576 -0.1006740 -0.09409653 -0.1454024 -0.1018520
-0.1252547 -0.09702576 -0.1038510 -0.1378709 -0.09685315
-0.1269668 -0.1220905 0.1677183 -0.09702576 -0.1148518
-0.1042207 -0.1066782 -0.1028911 -0.1138148 -0.1252547
-0.09915002 -0.1392752 -0.1227352 -0.1066782 -0.1111942
-0.1252547 -0.09702576 -0.09702576 -0.09915002 -0.1094693
-0.07436349 -0.08931647 0.1905192 -0.09702576 -0.1576237
-0.1453242 -0.1007258 -0.09702576 -0.09685315 -0.09338622
-0.1037645 -0.1075039 -0.2018383 -0.1020368 -0.09702576
-0.1249520 -0.09702576 -0.09702576 -0.1038510 -0.09171495
-0.09348092 -0.09702576 -0.1002714 -0.1249520 -0.1285466
-0.1285466 0.3953092 -0.1236183 -0.1326394 -0.1632513
-0.1915155 -0.1176034 -0.1009663 -0.1015944 0.8356807
-0.1285466 -0.1129039 -0.1252547 -0.1018520 -0.09702576
-0.1007258 -0.1066782 -0.1025986 -0.09702576 -0.1038510
-0.1183550 -0.1269668 -0.07436349 -0.1285466 0.8173759
-0.1037645 -0.09702576 -0.1035284 -0.2246352 -0.1417892
0.3909634 -0.0717338 -0.1002714 -0.1285466 -0.09702576
-0.1252547 0.5510455 -0.1285466 -0.0998734 -0.09702576
0.5510455 -0.1252547 0.5510455 -0.1124565 -0.1252547
-0.1117126 -0.09702576 -0.1028345 -0.09409653 -0.09702576
-0.09702576 -0.09702576 -0.09702576 -0.1251340 -0.1088561
0.4773577 -0.1422321 0.8356807 0.5510455 -0.09702576
-0.1527866 -0.09702576 -0.1012549 -0.1023086 -0.1326431
-0.1252547 -0.09702576 -0.0998734 -0.09702576 -0.1264293
-0.09702576 -0.1177577 -0.1252547 -0.09702576 0.08230838
-0.1140426 -0.1252547 -0.1252547 -0.09747216 -0.1088561
-0.09702576 -0.1507030 0.8173759 -0.1252547 -0.09702576
-0.1027932 -0.1285466 0.4433604 -0.1252547 -0.09702576
-0.1002714 -0.1027062 -0.1252547 -0.1285466 -0.1361122
-0.1009663 -0.1010288 -0.2042419 -0.0997008 -0.09702576
-0.09702576 0.3752143 -0.09702576 -0.09702576 -0.1009663
-0.1100344 -0.0717338 -0.02594627 -0.1148518 -0.08931647
-0.1366248 -0.1002714 -0.1051870 -0.09702576 -0.09702576
0.6776099 -0.0717338 -0.1252547 -0.1007258 -0.1020368
-0.09702576 -0.1015439 -0.1137785 -0.1003906 -0.09702576
-0.1020368 -0.1007258 -0.09915002 -0.1087038 -0.1361122
-0.09702576 -0.09702576 -0.09702576 -0.09702576 -0.1163719
-0.1083297 -0.1285466 -0.1352798 -0.1417892 -0.09702576
-0.1417892 -0.1443355 -0.1083297 -0.1133965 -0.09702576
-0.1002714 -0.1138978 -0.1095692 -0.1288225 -0.1285466
-0.1038510 -0.1563554 -0.1401124 -0.09702576 -0.1066782
-0.1922812 -0.1285466 -0.1644554 0.5510455 -0.1285466
-0.08931647 -0.1088561 -0.1042207 0.8356807 -0.09702576
-0.09702576 -0.09915002 -0.09702576 -0.2062461 -0.1486641
-0.09702576 -0.09702576 -0.1252547 -0.09702576 -0.09702576
-0.1111942 -0.09702576 -0.1236183 -0.1422321 -0.09702576
0.8356807 -0.09702576 0.4030498 -0.1066782 -0.1066782
-0.1066782 -0.07436349 -0.1037645 -0.1098367 -0.09735797
-0.1281129 0.5510455 -0.1370341 -0.09747216 -0.1051982
-0.1013427 -0.08032215 -0.09206387 -0.1065558 -0.1013424
-0.1148518 0.0513404 0.07339817 -0.02898496 0.0513404
0.06400678 0.05651142 0.1223181 0.07423213 0.1782714
0.0513404 0.1806719 0.08553136 0.1782714 0.06400678
0.0588973 0.1652708 0.06313971 0.1207506 0.0513404
0.0513404 0.05629589 0.0513404 0.1782714 0.07747298
0.03701899 0.05835796 -0.01329481 -0.009248071 -0.06513162
0.0513404 0.0574031 0.07117562 0.07423213 0.06400678
-0.3629211 0.09242366 0.07092398 -0.118568 0.1782714
0.0513404 0.1782714 0.05865333 0.0513404 0.05830756
0.0513404 -0.07044192 0.0513404 0.1782714 0.1177161
0.1782714 0.05666698 0.1782714 0.0513404 0.07423213
0.07092398 0.05835796 0.0513404 0.0513404 0.05850034
-0.03305055 0.05651142 0.05614787 -0.4360327 0.1806719
0.05583388 -0.4808845 0.1806719 0.08553136 -0.6696242
0.01863473 0.08470074 0.0513404 0.1782714 0.04383099
0.0513404 0.0513404 0.1806719 -0.4360327 0.0513404
0.1782714 -0.02898496 0.0513404 0.06266772 0.05835796
0.0513404 0.0513404 0.1782714 0.3029849 0.03701899
0.05835796 0.0513404 0.07482142 0.0800689 0.0513404
0.05776009 -0.02898496 0.06313971 0.0513404 0.0590754
0.1133986 -0.465998 0.07092398 0.2521222 0.08553136
-0.06513162 0.0513404 0.0513404 0.1806719 0.1806719
0.1782714 -0.4111125 0.2325454 0.0513404 0.0513404
0.05835796 0.2658786 0.05865333 -0.02434351 0.05766414
0.1806719 0.06465478 0.05865333 0.1782714 0.08661038
0.07922304 0.0513404 0.0513404 0.05666698 0.06029688
0.08553136 -0.4808845 0.05835796 -0.2793112 0.1782714
0.1806719 0.0513404 0.05700497 0.03701899 0.07117562
0.1782714 0.0513404 0.05835796 -0.08992726 0.0676553
0.06313971 0.0513404 0.0513404 -0.4297591 0.0675977
0.0694538 0.1806719 0.06400678 0.08068666 0.0513404
0.06029688 0.08044568 0.0513404 0.1133986 0.1782714
-0.0713912 0.1806719 0.05947239 0.06614212 0.05629589
0.0513404 -0.4117838 0.06400678 0.0590754 0.1677312
0.06029688 0.0513404 -0.03305055 0.05239305 0.0513404
-0.02898496 0.1782714 0.05865333 0.0513404 0.05835796
0.1013693 -0.0713912 0.0513404 0.0513404 -0.4360327
0.05239305 0.05629589 -0.03587307 0.07825319 0.0513404
-0.6934918 0.0574031 0.06029688 0.2658786 0.0513404
0.2658786 0.05865333 0.1806719 0.2658786 -0.08992726
0.07704908 0.08661038 0.0513404 0.05666698 0.1200879
0.0574031 0.0513404 -0.130208 0.0513404 0.07929549
0.1782714 0.0513404 0.0574031 0.0513404 -0.1123246
0.0513404 0.1782714 0.2039157 0.0513404 0.06166563
0.1200879 0.05947031 0.07249981 0.1782714 0.0513404
0.0513404 0.0513404 0.06029688 0.0513404 -0.05202707
0.0513404 -0.02898496 0.05835796 0.0513404 0.06400678
0.0574031 0.05239305 0.05835796 0.1806719 0.03578917
0.1782714 0.1806719 0.05664 0.0513404 0.06029688
0.0513404 0.05631889 0.06400678 0.05651142 0.06465478
0.0513404 0.05631889 0.06625364 0.06400678 0.0564726
0.1782714 0.1782714 0.0513404 0.01863473 -0.118568
0.08547107 0.0513404 0.06029688 0.1806719 0.05239305
0.0574031 0.03701899 0.05239305 -0.02898496 0.0642076
0.05835796 -0.03305055 0.1782714 0.0513404 0.05835796
0.0513404 0.08553136 0.08547107 0.05631889 0.0513404
-0.6195629 0.0513404 -0.02898496 0.0513404 0.05651142
0.03701899 0.06029688 0.1782714 0.05835796 0.07092398
0.05631889 0.06162359 0.1782714 0.1782714 -0.05202707
0.0513404 -0.4808845 0.05850034 0.0513404 0.1806719
0.1075930 0.0513404 0.08553136 0.08730297 -0.4808845
0.05631889 0.0513404 -0.409013 0.001286677 0.05666698
-0.03305055 0.2658786 0.05651142 0.05835796 0.06220959
0.1133986 0.08547107 0.06029688 -0.118568 0.0500529
0.08264219 0.07115739 0.0574031 -0.4360327 0.08553136
0.0586542 0.03701899 0.1806719 0.1359019 0.06313971
0.1806719 0.07092344 0.0513404 0.05962369 0.08415517
-0.2053868 0.05651142 0.1806719 0.05651142 0.1177161
0.06029688 0.03701899 0.06988375 -0.118568 0.08886134
0.05835796 0.0513404 0.05666698 0.04874563 -0.1757207
0.05767359 0.1806719 0.0513404 0.06029688 0.2034966
0.05631889 0.08730297 -0.08234366 0.03701899 0.0513404
0.1200879 0.06166563 0.06400678 0.05850034 0.06815166
0.1806719 0.05183475 0.2325454 0.0944499 0.06400678
0.07117562 0.1806719 0.0513404 0.0513404 0.05183475
0.0694538 0.08553136 0.05869708 0.08312664 0.0513404
-0.1845316 0.2345976 0.05629589 0.0513404 0.05631889
0.04383099 0.0574031 0.06422468 -0.4372657 0.05835796
0.0513404 -0.0713912 0.0513404 0.0513404 0.06029688
0.07099466 0.06391127 0.0513404 0.06313971 -0.0713912
0.1782714 0.1782714 -0.009248071 -0.08992726 0.1128343
0.2991228 -0.4808845 0.08993553 0.05651142 0.05830756
-0.06513162 0.1782714 0.07872527 0.1806719 0.05767359
0.0513404 0.05629589 0.06400678 0.05865333 0.0513404
0.06029688 0.1149382 0.08730297 0.08553136 0.1782714
-0.05202707 0.0574031 0.0513404 0.06770089 -0.6339457
-0.118568 -0.001452081 0.05004631 0.06313971 0.1782714
0.0513404 0.1806719 -0.02898496 0.1782714 0.05239305
0.0513404 -0.02898496 0.1806719 -0.02898496 0.07378842
0.1806719 0.05664 0.0513404 0.05947239 0.04874563
0.0513404 0.0513404 0.0513404 0.0513404 0.1903003
0.07092398 -0.007515766 -0.1480617 -0.06513162 -0.02898496
0.0513404 0.2658786 0.0513404 0.05766414 0.05908321
0.1013693 0.1806719 0.0513404 0.05239305 0.0513404
0.01345275 0.0513404 0.01990327 0.1806719 0.0513404
0.07558637 0.07613193 0.1806719 0.1806719 0.0642076
0.07092398 0.0513404 0.2523328 -0.05202707 0.1806719
0.0513404 0.05947031 0.1782714 -0.00353727 0.1806719
0.0513404 0.06313971 0.05962369 0.1806719 0.1782714
-0.130208 0.05651142 0.06465478 -0.5440044 0.05737155
0.0513404 0.0513404 -0.001094991 0.0513404 0.0513404
0.05651142 0.06973613 0.05004631 0.01328260 0.1200879
0.05869708 0.2039157 0.06313971 0.06696204 0.0513404
0.0513404 -0.02401844 0.05004631 0.1806719 0.05629589
0.05835796 0.0513404 0.0586542 0.06698294 0.04953877
0.0513404 0.05835796 0.05629589 0.05183475 0.07423213
-0.130208 0.0513404 0.0513404 0.0513404 0.0513404
0.1133986 0.06444258 0.1782714 0.2032381 -0.118568
0.0513404 -0.118568 -0.08178989 0.06444258 -0.07044192
0.0513404 0.06313971 0.08147782 0.095967 -0.03153754
0.1782714 0.06029688 0.2599004 -0.0453672 0.0513404
0.06400678 -0.4134278 0.1782714 0.3109289 -0.02898496
0.1782714 0.05869708 0.07092398 0.06166563 -0.06513162
0.0513404 0.0513404 0.05183475 0.0513404 -0.502794
0.008387181 0.0513404 0.0513404 0.1806719 0.0513404
0.0513404 0.07117562 0.0513404 -0.08992726 -0.1480617
0.0513404 -0.06513162 0.0513404 -0.00774181 0.06400678
0.06400678 0.06400678 0.08553136 0.0574031 0.06186392
0.05483924 0.1359019 -0.02898496 -0.1192811 0.0642076
0.001286677 0.0578395 0.0462577 0.0564726 0.05991435
0.05700497 0.1200879 0.02034322 0.03353064 -0.006116382
0.02034322 0.02737106 0.02321232 0.0831253 0.04030148
0.3840536 0.02034322 0.3847894 0.1285663 0.3840536
0.02737106 0.02497365 0.3540506 -0.007271331 -0.1621316
0.02034322 0.02034322 0.02315126 0.02034322 0.3840536
0.01150240 0.007003479 0.02443892 0.03596856 -0.01597143
-0.03263077 0.02034322 0.02565461 0.03186516 0.04030148
0.02737106 -0.04081957 0.04923408 0.03377140 0.005827846
0.3840536 0.02034322 0.3840536 0.02440075 0.02034322
0.02559234 0.02034322 0.003510142 0.02034322 0.3840536
0.07884948 0.3840536 0.02358038 0.3840536 0.02034322
0.04030148 0.03377140 0.02443892 0.02034322 0.02034322
0.02515275 -0.02811371 0.02321232 0.02507603 -0.0507695
0.3847894 0.02293302 -0.06271608 0.3847894 0.1285663
-0.08867286 0.01682217 0.1491663 0.02034322 0.3840536
0.03620059 0.02034322 0.02034322 0.3847894 -0.0507695
0.02034322 0.3840536 -0.006116382 0.02034322 0.03244388
0.02443892 0.02034322 0.02034322 0.3840536 -0.6691582
0.007003479 0.02443892 0.02034322 0.04388779 0.04009212
0.02034322 0.02598573 -0.006116382 -0.007271331 0.02034322
0.02510281 -0.1239648 -0.05512601 0.03377140 -0.5256531
0.1285663 -0.03263077 0.02034322 0.02034322 0.3847894
0.3847894 0.3840536 -0.05029136 0.5352277 0.02034322
0.02034322 0.02443892 -0.5693374 0.02440075 0.006619136
0.02393218 0.3847894 0.05598578 0.02440075 0.3840536
0.04657809 -0.02835633 0.02034322 0.02034322 0.02358038
0.02531265 0.1285663 -0.06271608 0.02443892 -0.01494774
0.3840536 0.3847894 0.02034322 0.02348617 0.007003479
0.03186516 0.3840536 0.02034322 0.02443892 -0.001085157
0.03008692 -0.007271331 0.02034322 0.02034322 -0.03788537
0.03234305 0.03117517 0.3847894 0.02737106 0.0454011
0.02034322 0.02531265 0.05719088 0.02034322 -0.1239648
0.3840536 0.004695781 0.3847894 0.02506696 0.03123573
0.02315126 0.02034322 -0.04945299 0.02737106 0.02510281
0.2965964 0.02531265 0.02034322 -0.02811371 0.02239175
0.02034322 -0.006116382 0.3840536 0.02440075 0.02034322
0.02443892 0.07361362 0.004695781 0.02034322 0.02034322
-0.0507695 0.02239175 0.02315126 -0.02220331 0.0415991
0.02034322 -0.07278315 0.02565461 0.02531265 -0.5693374
0.02034322 -0.5693374 0.02440075 0.3847894 -0.5693374
-0.001085157 0.03995740 0.04657809 0.02034322 0.02358038
-0.1658920 0.02565461 0.02034322 0.00135528 0.02034322
0.0371025 0.3840536 0.02034322 0.02565461 0.02034322
0.004055268 0.02034322 0.3840536 -0.3979923 0.02034322
0.02647622 -0.1658920 0.02502429 0.005919975 0.3840536
0.02034322 0.02034322 0.02034322 0.02531265 0.02034322
-0.03061156 0.02034322 -0.006116382 0.02443892 0.02034322
0.02737106 0.02565461 0.02239175 0.02443892 0.3847894
0.01953152 0.3840536 0.3847894 0.03168312 0.02034322
0.02531265 0.02034322 0.02311487 0.02737106 0.02321232
0.05598578 0.02034322 0.02311487 0.02893487 0.02737106
0.02643995 0.3840536 0.3840536 0.02034322 0.01682217
0.005827846 -0.06669509 0.02034322 0.02531265 0.3847894
0.02239175 0.02565461 0.007003479 0.02239175 -0.006116382
0.03119954 0.02443892 -0.02811371 0.3840536 0.02034322
0.02443892 0.02034322 0.1285663 -0.06669509 0.02311487
0.02034322 -0.07909267 0.02034322 -0.006116382 0.02034322
0.02321232 0.007003479 0.02531265 0.3840536 0.02443892
0.03377140 0.02311487 0.02644135 0.3840536 0.3840536
-0.03061156 0.02034322 -0.06271608 0.02515275 0.02034322
0.3847894 0.07288506 0.02034322 0.1285663 0.06330617
-0.06271608 0.02311487 0.02034322 -0.04145839 0.01205253
0.02358038 -0.02811371 -0.5693374 0.02321232 0.02443892
0.0267481 -0.1239648 -0.06669509 0.02531265 0.005827846
0.02079744 0.08331111 0.03157736 0.02565461 -0.0507695
0.1285663 0.02990961 0.007003479 0.3847894 0.09404878
-0.007271331 0.3847894 0.03190275 0.02034322 0.02122081
0.06385277 -0.007911536 0.02321232 0.3847894 0.02321232
0.07884948 0.02531265 0.007003479 0.03548515 0.005827846
0.04599728 0.02443892 0.02034322 0.02358038 0.02513096
-0.00706886 0.02385714 0.3847894 0.02034322 0.02531265
-0.3866483 0.02311487 0.06330617 0.01812957 0.007003479
0.02034322 -0.1658920 0.02647622 0.02737106 0.02515275
0.03387472 0.3847894 0.02277675 0.5352277 0.0507484
0.02737106 0.03186516 0.3847894 0.02034322 0.02034322
0.02277675 0.03117517 0.1285663 0.0436218 0.2027269
0.02034322 -0.001438021 -0.4774452 0.02315126 0.02034322
0.02311487 0.03620059 0.02565461 0.02852867 -0.03628204
0.02443892 0.02034322 0.004695781 0.02034322 0.02034322
0.02531265 0.02982458 0.02795557 0.02034322 -0.007271331
0.004695781 0.3840536 0.3840536 -0.01597143 -0.001085157
0.03048264 -0.6449515 -0.06271608 0.07362584 0.02321232
0.02559234 -0.03263077 0.3840536 0.04571313 0.3847894
0.02385714 0.02034322 0.02315126 0.02737106 0.02440075
0.02034322 0.02531265 -0.1161338 0.06330617 0.1285663
0.3840536 -0.03061156 0.02565461 0.02034322 0.03210702
-0.07568318 0.005827846 -0.01157857 0.01744348 -0.007271331
0.3840536 0.02034322 0.3847894 -0.006116382 0.3840536
0.02239175 0.02034322 -0.006116382 0.3847894 -0.006116382
0.03377984 0.3847894 0.03168312 0.02034322 0.02506696
0.02513096 0.02034322 0.02034322 0.02034322 0.02034322
0.3926302 0.03377140 -0.01645341 -0.003327086 -0.03263077
-0.006116382 0.02034322 -0.5693374 0.02034322 0.02393218
0.02568375 0.07361362 0.3847894 0.02034322 0.02239175
0.02034322 0.05103939 0.02034322 0.0298521 0.3847894
0.02034322 0.04022252 0.03565983 0.3847894 0.3847894
0.03119954 0.03377140 0.02034322 -0.5175055 -0.03061156
0.3847894 0.02034322 0.02502429 0.3840536 -0.002881567
0.3847894 0.02034322 -0.007271331 0.02122081 0.3847894
0.3840536 0.00135528 0.02321232 0.05598578 -0.06952154
0.02516339 0.02034322 0.02034322 0.004785615 0.02034322
0.02034322 0.02321232 0.03307452 0.01744348 0.03901555
-0.1658920 0.0436218 -0.3979923 -0.007271331 0.03465871
0.02034322 0.02034322 0.03957277 0.01744348 0.3847894
0.02315126 0.02443892 0.02034322 0.02990961 0.03362156
0.02224321 0.02034322 0.02443892 0.02315126 0.02277675
0.04030148 0.00135528 0.02034322 0.02034322 0.02034322
0.02034322 -0.1239648 0.02968629 0.3840536 0.4465307
0.005827846 0.02034322 0.005827846 0.0232518 0.02968629
0.003510142 0.02034322 -0.007271331 0.01074354 -0.09395528
0.02563366 0.3840536 0.02531265 -0.4687968 0.03110089
0.02034322 0.02737106 -0.04020499 0.3840536 -0.6924318
-0.006116382 0.3840536 0.0436218 0.03377140 0.02647622
-0.03263077 0.02034322 0.02034322 0.02277675 0.02034322
-0.05519935 0.05832943 0.02034322 0.02034322 0.3847894
0.02034322 0.02034322 0.03186516 0.02034322 -0.001085157
-0.003327086 0.02034322 -0.03263077 0.02034322 0.0002638215
0.02737106 0.02737106 0.02737106 0.1285663 0.02565461
0.02994875 0.03435479 0.09404878 -0.006116382 0.0008631453
0.03119954 0.01205253 0.02633811 0.02782431 0.02643995
0.02785466 0.02348617 -0.1658920 -0.04004277 -0.0712846
0.05104407 -0.04004277 -0.05622897 -0.04665076 -0.325265
-0.1208553 0.4468174 -0.04004277 0.460637 0.1083166
0.4468174 -0.05622897 -0.05092715 0.4091253 -0.02597416
0.04554086 -0.04004277 -0.04004277 -0.04657083 -0.04004277
0.4468174 -0.05345558 -0.1931428 -0.0497931 -0.1151763
0.003343603 0.06727047 -0.04004277 -0.05417292 -0.06734197
-0.1208553 -0.05622897 0.06745852 -0.1221621 -0.07700721
-0.01614942 0.4468174 -0.04004277 0.4468174 -0.04938788
-0.04004277 -0.0478082 -0.04004277 -0.01903010 -0.04004277
0.4468174 -0.2988684 0.4468174 -0.04762414 0.4468174
-0.04004277 -0.1208553 -0.07700721 -0.0497931 -0.04004277
-0.04004277 -0.05254676 0.02063424 -0.04665076 -0.04255318
0.08354025 0.460637 -0.04583084 0.09899158 0.460637
0.1083166 0.1456558 -0.0374873 0.1634426 -0.04004277
0.4468174 -0.03418996 -0.04004277 -0.04004277 0.460637
0.08354025 -0.04004277 0.4468174 0.05104407 -0.04004277
-0.07523576 -0.0497931 -0.04004277 -0.04004277 0.4468174
0.2852928 -0.1931428 -0.0497931 -0.04004277 -0.04916646
-0.09459015 -0.04004277 -0.06002084 0.05104407 -0.02597416
-0.04004277 -0.05286313 0.02219093 0.08142311 -0.07700721
0.2167106 0.1083166 0.06727047 -0.04004277 -0.04004277
0.460637 0.460637 0.4468174 0.07312756 0.6582534
-0.04004277 -0.04004277 -0.0497931 0.2374777 -0.04938788
-0.07557075 -0.04768018 0.460637 0.00419043 -0.04938788
0.4468174 0.05104962 -0.02266649 -0.04004277 -0.04004277
-0.04762414 -0.05148814 0.1083166 0.09899158 -0.0497931
-0.001139267 0.4468174 0.460637 -0.04004277 -0.04728146
-0.1931428 -0.06734197 0.4468174 -0.04004277 -0.0497931
-0.0007917448 -0.06322303 -0.02597416 -0.04004277 -0.04004277
0.05592499 -0.05825001 -0.06619226 0.460637 -0.05622897
-0.0822351 -0.04004277 -0.05148814 -0.04786441 -0.04004277
0.02219093 0.4468174 -0.01005413 0.460637 -0.05123483
-0.06549066 -0.04657083 -0.04004277 0.07947453 -0.05622897
-0.05286313 0.3784033 -0.05148814 -0.04004277 0.02063424
-0.04599337 -0.04004277 0.05104407 0.4468174 -0.04938788
-0.04004277 -0.0497931 -0.2281654 -0.01005413 -0.04004277
-0.04004277 0.08354025 -0.04599337 -0.04657083 -0.0530955
-0.09155602 -0.04004277 0.08978142 -0.05417292 -0.05148814
0.2374777 -0.04004277 0.2374777 -0.04938788 0.460637
0.2374777 -0.0007917448 -0.09713887 0.05104962 -0.04004277
-0.04762414 0.04884447 -0.05417292 -0.04004277 -0.01157853
-0.04004277 -0.080566 0.4468174 -0.04004277 -0.05417292
-0.04004277 -0.02023358 -0.04004277 0.4468174 0.1570473
-0.04004277 -0.0548026 0.04884447 -0.05128194 -0.04482316
0.4468174 -0.04004277 -0.04004277 -0.04004277 -0.05148814
-0.04004277 -0.0408142 -0.04004277 0.05104407 -0.0497931
-0.04004277 -0.05622897 -0.05417292 -0.04599337 -0.0497931
0.460637 -0.04025340 0.4468174 0.460637 -0.07599083
-0.04004277 -0.05148814 -0.04004277 -0.05825953 -0.05622897
-0.04665076 0.00419043 -0.04004277 -0.05825953 -0.05999961
-0.05622897 -0.06583484 0.4468174 0.4468174 -0.04004277
-0.0374873 -0.01614942 0.001429536 -0.04004277 -0.05148814
0.460637 -0.04599337 -0.05417292 -0.1931428 -0.04599337
0.05104407 -0.0786552 -0.0497931 0.02063424 0.4468174
-0.04004277 -0.0497931 -0.04004277 0.1083166 0.001429536
-0.05825953 -0.04004277 0.1303305 -0.04004277 0.05104407
-0.04004277 -0.04665076 -0.1931428 -0.05148814 0.4468174
-0.0497931 -0.07700721 -0.05825953 -0.1550108 0.4468174
0.4468174 -0.0408142 -0.04004277 0.09899158 -0.05254676
-0.04004277 0.460637 -0.2301787 -0.04004277 0.1083166
-0.1932243 0.09899158 -0.05825953 -0.04004277 0.06135084
-0.02472641 -0.04762414 0.02063424 0.2374777 -0.04665076
-0.0497931 -0.06724896 0.02219093 0.001429536 -0.05148814
-0.01614942 -0.04585676 0.0195883 -0.06762544 -0.05417292
0.08354025 0.1083166 -0.03752105 -0.1931428 0.460637
-0.401753 -0.02597416 0.460637 -0.06774301 -0.04004277
-0.04749226 -0.03021002 -0.002881805 -0.04665076 0.460637
-0.04665076 -0.2988684 -0.05148814 -0.1931428 -0.08973812
-0.01614942 -0.1104936 -0.0497931 -0.04004277 -0.04762414
-0.05147036 -0.001636122 -0.04813587 0.460637 -0.04004277
-0.05148814 0.1502756 -0.05825953 -0.1932243 -0.01577695
-0.1931428 -0.04004277 0.04884447 -0.0548026 -0.05622897
-0.05254676 -0.06980516 0.460637 -0.04133685 0.6582534
-0.1267226 -0.05622897 -0.06734197 0.460637 -0.04004277
-0.04004277 -0.04133685 -0.06619226 0.1083166 -0.005091561
0.2714953 -0.04004277 -0.009140402 0.1940753 -0.04657083
-0.04004277 -0.05825953 -0.03418996 -0.05417292 -0.05687145
0.02348739 -0.0497931 -0.04004277 -0.01005413 -0.04004277
-0.04004277 -0.05148814 -0.06905969 -0.05306293 -0.04004277
-0.02597416 -0.01005413 0.4468174 0.4468174 0.003343603
-0.0007917448 0.04298651 0.2699044 0.09899158 -0.03142160
-0.04665076 -0.0478082 0.06727047 0.4468174 -0.06032061
0.460637 -0.04813587 -0.04004277 -0.04657083 -0.05622897
-0.04938788 -0.04004277 -0.05148814 0.01624998 -0.1932243
0.1083166 0.4468174 -0.0408142 -0.05417292 -0.04004277
-0.07713934 0.1116914 -0.01614942 -0.008267431 -0.03936218
-0.02597416 0.4468174 -0.04004277 0.460637 0.05104407
0.4468174 -0.04599337 -0.04004277 0.05104407 0.460637
0.05104407 -0.07251229 0.460637 -0.07599083 -0.04004277
-0.05123483 -0.05147036 -0.04004277 -0.04004277 -0.04004277
-0.04004277 0.4346187 -0.07700721 -0.1058431 -0.007298422
0.06727047 0.05104407 -0.04004277 0.2374777 -0.04004277
-0.04768018 -0.05322054 -0.2281654 0.460637 -0.04004277
-0.04599337 -0.04004277 -0.02420899 -0.04004277 -0.07734636
0.460637 -0.04004277 -0.3083285 -0.0744917 0.460637
0.460637 -0.0786552 -0.07700721 -0.04004277 0.2128675
-0.0408142 0.460637 -0.04004277 -0.05128194 0.4468174
-0.08389628 0.460637 -0.04004277 -0.02597416 -0.04749226
0.460637 0.4468174 -0.01157853 -0.04665076 0.00419043
0.1078759 -0.06421013 -0.04004277 -0.04004277 0.02215346
-0.04004277 -0.04004277 -0.04665076 -0.06181423 -0.03936218
-0.02323115 0.04884447 -0.005091561 0.1570473 -0.02597416
-0.04688565 -0.04004277 -0.04004277 0.1332335 -0.03936218
0.460637 -0.04657083 -0.0497931 -0.04004277 -0.03752105
-0.07517853 -0.04436228 -0.04004277 -0.0497931 -0.04657083
-0.04133685 -0.1208553 -0.01157853 -0.04004277 -0.04004277
-0.04004277 -0.04004277 0.02219093 -0.05751392 0.4468174
0.5314854 -0.01614942 -0.04004277 -0.01614942 -0.09269968
-0.05751392 -0.01903010 -0.04004277 -0.02597416 -0.0530961
0.01352976 -0.05198046 0.4468174 -0.05148814 0.2130310
-0.1103496 -0.04004277 -0.05622897 0.06423878 0.4468174
0.2955576 0.05104407 0.4468174 -0.005091561 -0.07700721
-0.0548026 0.06727047 -0.04004277 -0.04004277 -0.04133685
-0.04004277 0.08839804 -0.1980729 -0.04004277 -0.04004277
0.460637 -0.04004277 -0.04004277 -0.06734197 -0.04004277
-0.0007917448 -0.007298422 -0.04004277 0.06727047 -0.04004277
0.009129673 -0.05622897 -0.05622897 -0.05622897 0.1083166
-0.05417292 -0.06235106 -0.02948408 -0.401753 0.05104407
-0.005497465 -0.0786552 -0.02472641 -0.04566776 -0.03627071
-0.06583484 -0.06002583 -0.04728146 0.04884447 0.001440708
0.003051206 -0.004940678 0.001440708 0.002170805 0.001738769
0.07307873 0.002556723 -0.006051878 0.001440708 -0.006967774
0.006399391 -0.006051878 0.002170805 0.00121997 -0.0003510316
0.001303269 -0.0003537812 0.001440708 0.001440708 0.001728949
0.001440708 -0.006051878 0.007482005 0.04221198 0.001909437
-0.2182668 -0.008900343 -0.01191596 0.001440708 0.02755986
0.002737063 0.002556723 0.002170805 0.3845582 -0.01114075
-0.001663258 0.4500327 -0.006051878 0.001440708 -0.006051878
0.001862230 0.001440708 0.002436879 0.001440708 -0.1606541
0.001440708 -0.006051878 0.05288558 -0.006051878 0.001853870
-0.006051878 0.001440708 0.002556723 -0.001663258 0.001909437
0.001440708 0.001440708 -0.006906094 -0.01106708 0.001738769
0.002003123 0.4640771 -0.006967774 0.002109403 -0.493603
-0.006967774 0.006399391 -0.02147473 -0.05423388 -0.01214071
0.001440708 -0.006051878 -0.00999247 0.001440708 0.001440708
-0.006967774 0.4640771 0.001440708 -0.006051878 -0.004940678
0.001440708 -0.04298537 0.001909437 0.001440708 0.001440708
-0.006051878 -0.006011407 0.04221198 0.001909437 0.001440708
0.001856436 -0.003536718 0.001440708 -0.01002043 -0.004940678
0.001303269 0.001440708 -0.0009093022 0.0004115806 -0.3484722
-0.001663258 -0.004393369 0.006399391 -0.01191596 0.001440708
0.001440708 -0.006967774 -0.006967774 -0.006051878 -0.4632264
-0.009803045 0.001440708 0.001440708 0.001909437 -0.005015434
0.001862230 -0.05502611 0.001701172 -0.006967774 0.00128344
0.001862230 -0.006051878 -1.246867e-05 0.001479330 0.001440708
0.001440708 0.001853870 0.001956964 0.006399391 -0.493603
0.001909437 -0.01752904 -0.006051878 -0.006967774 0.001440708
0.001767217 0.04221198 0.002737063 -0.006051878 0.001440708
0.001909437 0.1476306 0.003075836 0.001303269 0.001440708
0.001440708 0.4313369 0.004652866 0.002727813 -0.006967774
0.002170805 -0.002667257 0.001440708 0.001956964 0.01566522
0.001440708 0.0004115806 -0.006051878 -0.1324374 -0.006967774
0.001972184 -0.001136781 0.001728949 0.001440708 -0.4432741
0.002170805 -0.0009093022 -0.005532538 0.001956964 0.001440708
-0.01106708 0.01945784 0.001440708 -0.004940678 -0.006051878
0.001862230 0.001440708 0.001909437 -0.2001767 -0.1324374
0.001440708 0.001440708 0.4640771 0.01945784 0.001728949
0.02564314 0.00945012 0.001440708 -0.04396393 0.02755986
0.001956964 -0.005015434 0.001440708 -0.005015434 0.001862230
-0.006967774 -0.005015434 0.1476306 -0.0003149357 -1.246867e-05
0.001440708 0.001853870 -0.0004762395 0.02755986 0.001440708
-0.02006116 0.001440708 0.003441183 -0.006051878 0.001440708
0.02755986 0.001440708 0.3015474 0.001440708 -0.006051878
-0.003093644 0.001440708 0.002164326 -0.0004762395 0.001878402
0.002051243 -0.006051878 0.001440708 0.001440708 0.001440708
0.001956964 0.001440708 0.01407434 0.001440708 -0.004940678
0.001909437 0.001440708 0.002170805 0.02755986 0.01945784
0.001909437 -0.006967774 -0.02562436 -0.006051878 -0.006967774
-0.05881391 0.001440708 0.001956964 0.001440708 0.006104446
0.002170805 0.001738769 0.00128344 0.001440708 0.006104446
0.002267489 0.002170805 -0.01496655 -0.006051878 -0.006051878
0.001440708 -0.05423388 0.4500327 0.0006910418 0.001440708
0.001956964 -0.006967774 0.01945784 0.02755986 0.04221198
0.01945784 -0.004940678 -0.01731656 0.001909437 -0.01106708
-0.006051878 0.001440708 0.001909437 0.001440708 0.006399391
0.0006910418 0.006104446 0.001440708 -0.0573599 0.001440708
-0.004940678 0.001440708 0.001738769 0.04221198 0.001956964
-0.006051878 0.001909437 -0.001663258 0.006104446 0.03396642
-0.006051878 -0.006051878 0.01407434 0.001440708 -0.493603
-0.006906094 0.001440708 -0.006967774 -0.1130223 0.001440708
0.006399391 -0.1770169 -0.493603 0.006104446 0.001440708
0.5407815 -0.006435058 0.001853870 -0.01106708 -0.005015434
0.001738769 0.001909437 0.02159578 0.0004115806 0.0006910418
0.001956964 0.4500327 -0.003505415 0.001190234 0.002254093
0.02755986 0.4640771 0.006399391 0.00161973 0.04221198
-0.006967774 0.09772953 0.001303269 -0.006967774 0.002787354
0.001440708 0.001839013 0.005792793 0.213784 0.001738769
-0.006967774 0.001738769 0.05288558 0.001956964 0.04221198
0.003668747 0.4500327 -0.004251695 0.001909437 0.001440708
0.001853870 -0.0009959049 -0.1799426 0.001805756 -0.006967774
0.001440708 0.001956964 -0.002759744 0.006104446 -0.1770169
-0.02184789 0.04221198 0.001440708 -0.0004762395 0.002164326
0.002170805 -0.006906094 0.001427721 -0.006967774 0.007922115
-0.009803045 -0.01230310 0.002170805 0.002737063 -0.006967774
0.001440708 0.001440708 0.007922115 0.002727813 0.006399391
0.0004658365 -0.006481449 0.001440708 0.5308506 -0.003872942
0.001728949 0.001440708 0.006104446 -0.00999247 0.02755986
0.005623588 -0.4379716 0.001909437 0.001440708 -0.1324374
0.001440708 0.001440708 0.001956964 0.0004025821 0.001548885
0.001440708 0.001303269 -0.1324374 -0.006051878 -0.006051878
-0.008900343 0.1476306 0.05039606 -0.005498823 -0.493603
0.001926633 0.001738769 0.002436879 -0.01191596 -0.006051878
0.006623066 -0.006967774 0.001805756 0.001440708 0.001728949
0.002170805 0.001862230 0.001440708 0.001956964 0.0007403149
-0.1770169 0.006399391 -0.006051878 0.01407434 0.02755986
0.001440708 -0.01210236 -0.1567028 0.4500327 -0.008818958
-0.0006759558 0.001303269 -0.006051878 0.001440708 -0.006967774
-0.004940678 -0.006051878 0.01945784 0.001440708 -0.004940678
-0.006967774 -0.004940678 0.003042737 -0.006967774 -0.05881391
0.001440708 0.001972184 -0.0009959049 0.001440708 0.001440708
0.001440708 0.001440708 -0.001322587 -0.001663258 0.01597116
0.001632809 -0.01191596 -0.004940678 0.001440708 -0.005015434
0.001440708 0.001701172 0.003029867 -0.2001767 -0.006967774
0.001440708 0.01945784 0.001440708 0.1037787 0.001440708
0.2004424 -0.006967774 0.001440708 0.07590344 0.003474606
-0.006967774 -0.006967774 -0.01731656 -0.001663258 0.001440708
-0.004070407 0.01407434 -0.006967774 0.001440708 0.001878402
-0.006051878 0.02398459 -0.006967774 0.001440708 0.001303269
0.001839013 -0.006967774 -0.006051878 -0.02006116 0.001738769
0.00128344 -0.430675 0.02412158 0.001440708 0.001440708
-0.003471157 0.001440708 0.001440708 0.001738769 0.004462468
-0.0006759558 -0.002361093 -0.0004762395 0.0004658365 -0.003093644
0.001303269 0.001300715 0.001440708 0.001440708 -0.006602066
-0.0006759558 -0.006967774 0.001728949 0.001909437 0.001440708
0.00161973 0.06373566 -0.00253119 0.001440708 0.001909437
0.001728949 0.007922115 0.002556723 -0.02006116 0.001440708
0.001440708 0.001440708 0.001440708 0.0004115806 0.009076371
-0.006051878 -0.007718235 0.4500327 0.001440708 0.4500327
-0.2754310 0.009076371 -0.1606541 0.001440708 0.001303269
0.003635048 0.0003822132 -0.04090992 -0.006051878 0.001956964
-0.001781247 -0.2490180 0.001440708 0.002170805 0.6457765
-0.006051878 -0.006330745 -0.004940678 -0.006051878 0.0004658365
-0.001663258 0.002164326 -0.01191596 0.001440708 0.001440708
0.007922115 0.001440708 0.4721197 -0.301849 0.001440708
0.001440708 -0.006967774 0.001440708 0.001440708 0.002737063
0.001440708 0.1476306 0.001632809 0.001440708 -0.01191596
0.001440708 -0.005260813 0.002170805 0.002170805 0.002170805
0.006399391 0.02755986 -0.002582158 -0.003822421 0.09772953
-0.004940678 0.1666712 -0.01731656 -0.006435058 0.003591610
-0.006382297 -0.01496655 0.03837877 0.001767217 -0.0004762395
-0.02591238 -0.05539431 -0.01478235 -0.02591238 -0.03963088
-0.03151293 0.5289372 0.06160503 0.09918693 -0.02591238
0.1187810 -0.01846579 0.09918693 -0.03963088 -0.03535391
0.06781173 -0.02216931 0.002192508 -0.02591238 -0.02591238
-0.03158318 -0.02591238 0.09918693 -0.04730089 0.3047412
-0.03485465 -0.1970673 -0.1157279 -0.08782777 -0.02591238
-0.04200811 -0.05055827 0.06160503 -0.03963088 -0.02212872
-0.1201845 -0.06992182 -0.1136232 0.09918693 -0.02591238
0.09918693 -0.03383276 -0.02591238 -0.03563178 -0.02591238
0.04243034 -0.02591238 0.09918693 0.4283097 0.09918693
-0.03320039 0.09918693 -0.02591238 0.06160503 -0.06992182
-0.03485465 -0.02591238 -0.02591238 -0.04234514 -0.1246040
-0.03151293 -0.03059671 -0.03349445 0.1187810 -0.03104331
0.1991729 0.1187810 -0.01846579 0.1278856 -0.02549257
-0.03874484 -0.02591238 0.09918693 -0.03505734 -0.02591238
-0.02591238 0.1187810 -0.03349445 -0.02591238 0.09918693
-0.01478235 -0.02591238 -0.08222393 -0.03485465 -0.02591238
-0.02591238 0.09918693 0.0865844 0.3047412 -0.03485465
-0.02591238 -0.05472874 -0.09072317 -0.02591238 -0.04323232
-0.01478235 -0.02216931 -0.02591238 -0.03601338 -0.0100999
0.1397891 -0.06992182 0.06221905 -0.01846579 -0.08782777
-0.02591238 -0.02591238 0.1187810 0.1187810 0.09918693
0.1815726 0.1648599 -0.02591238 -0.02591238 -0.03485465
0.0706194 -0.03383276 0.0536488 -0.03369405 0.1187810
-0.01639946 -0.03383276 0.09918693 0.001229035 -0.02574635
-0.02591238 -0.02591238 -0.03320039 -0.03561283 -0.01846579
0.1991729 -0.03485465 0.007521646 0.09918693 0.1187810
-0.02591238 -0.03204748 0.3047412 -0.05055827 0.09918693
-0.02591238 -0.03485465 -0.01956110 -0.04411475 -0.02216931
-0.02591238 -0.02591238 -0.07660891 -0.04522706 -0.0505928
0.1187810 -0.03963088 -0.05440128 -0.02591238 -0.03561283
-0.05379306 -0.02591238 -0.0100999 0.09918693 0.03775436
0.1187810 -0.03601664 -0.0472422 -0.03158318 -0.02591238
0.1782661 -0.03963088 -0.03601338 0.0955932 -0.03561283
-0.02591238 -0.1246040 -0.03341734 -0.02591238 -0.01478235
0.09918693 -0.03383276 -0.02591238 -0.03485465 -0.3598374
0.03775436 -0.02591238 -0.02591238 -0.03349445 -0.03341734
-0.03158318 0.09714967 -0.04481592 -0.02591238 -0.01619289
-0.04200811 -0.03561283 0.0706194 -0.02591238 0.0706194
-0.03383276 0.1187810 0.0706194 -0.01956110 -0.0385604
0.001229035 -0.02591238 -0.03320039 0.004267378 -0.04200811
-0.02591238 -0.03713096 -0.02591238 -0.06429771 0.09918693
-0.02591238 -0.04200811 -0.02591238 -0.1008725 -0.02591238
0.09918693 0.04222622 -0.02591238 -0.03977886 0.004267378
-0.03762515 -0.03632572 0.09918693 -0.02591238 -0.02591238
-0.02591238 -0.03561283 -0.02591238 0.1144369 -0.02591238
-0.01478235 -0.03485465 -0.02591238 -0.03963088 -0.04200811
-0.03341734 -0.03485465 0.1187810 -0.01918325 0.09918693
0.1187810 -0.09058131 -0.02591238 -0.03561283 -0.02591238
-0.006205519 -0.03963088 -0.03151293 -0.01639946 -0.02591238
-0.006205519 -0.04334318 -0.03963088 -0.03826903 0.09918693
0.09918693 -0.02591238 -0.02549257 -0.1136232 -0.01303685
-0.02591238 -0.03561283 0.1187810 -0.03341734 -0.04200811
0.3047412 -0.03341734 -0.01478235 -0.04837003 -0.03485465
-0.1246040 0.09918693 -0.02591238 -0.03485465 -0.02591238
-0.01846579 -0.01303685 -0.006205519 -0.02591238 0.124154
-0.02591238 -0.01478235 -0.02591238 -0.03151293 0.3047412
-0.03561283 0.09918693 -0.03485465 -0.06992182 -0.006205519
0.1394504 0.09918693 0.09918693 0.1144369 -0.02591238
0.1991729 -0.04234514 -0.02591238 0.1187810 -0.1659471
-0.02591238 -0.01846579 -0.304679 0.1991729 -0.006205519
-0.02591238 -0.08427852 -0.008367178 -0.03320039 -0.1246040
0.0706194 -0.03151293 -0.03485465 -0.03141045 -0.0100999
-0.01303685 -0.03561283 -0.1136232 -0.02094909 -0.01771851
-0.05860673 -0.04200811 -0.03349445 -0.01846579 -0.02865531
0.3047412 0.1187810 0.7051005 -0.02216931 0.1187810
-0.051666 -0.02591238 -0.03317221 -0.04687762 -0.07237509
-0.03151293 0.1187810 -0.03151293 0.4283097 -0.03561283
0.3047412 -0.02283398 -0.1136232 -0.1097119 -0.03485465
-0.02591238 -0.03320039 -0.02738869 0.04346808 -0.03277163
0.1187810 -0.02591238 -0.03561283 0.03793983 -0.006205519
-0.304679 -0.04031158 0.3047412 -0.02591238 0.004267378
-0.03977886 -0.03963088 -0.04234514 -0.05247312 0.1187810
-0.03015416 0.1648599 -0.1251948 -0.03963088 -0.05055827
0.1187810 -0.02591238 -0.02591238 -0.03015416 -0.0505928
-0.01846579 -0.01735951 0.05524886 -0.02591238 -0.1409381
0.05440981 -0.03158318 -0.02591238 -0.006205519 -0.03505734
-0.04200811 -0.04192455 0.003208675 -0.03485465 -0.02591238
0.03775436 -0.02591238 -0.02591238 -0.03561283 -0.08779646
-0.04496036 -0.02591238 -0.02216931 0.03775436 0.09918693
0.09918693 -0.1157279 -0.01956110 -0.04121632 0.07828944
0.1991729 -0.0488095 -0.03151293 -0.03563178 -0.08782777
0.09918693 -0.06278438 0.1187810 -0.03277163 -0.02591238
-0.03158318 -0.03963088 -0.03383276 -0.02591238 -0.03561283
-0.01461387 -0.304679 -0.01846579 0.09918693 0.1144369
-0.04200811 -0.02591238 -0.05054194 0.09329912 -0.1136232
-0.1341041 -0.05423909 -0.02216931 0.09918693 -0.02591238
0.1187810 -0.01478235 0.09918693 -0.03341734 -0.02591238
-0.01478235 0.1187810 -0.01478235 -0.0566511 0.1187810
-0.09058131 -0.02591238 -0.03601664 -0.02738869 -0.02591238
-0.02591238 -0.02591238 -0.02591238 0.07772942 -0.06992182
0.1259704 -0.01666046 -0.08782777 -0.01478235 -0.02591238
0.0706194 -0.02591238 -0.03369405 -0.03366905 -0.3598374
0.1187810 -0.02591238 -0.03341734 -0.02591238 -0.0659895
-0.02591238 -0.08112217 0.1187810 -0.02591238 0.5465701
-0.05954988 0.1187810 0.1187810 -0.04837003 -0.06992182
-0.02591238 0.05899291 0.1144369 0.1187810 -0.02591238
-0.03762515 0.09918693 0.1937754 0.1187810 -0.02591238
-0.02216931 -0.03317221 0.1187810 0.09918693 -0.03713096
-0.03151293 -0.01639946 0.1774550 -0.01371048 -0.02591238
-0.02591238 -0.02847275 -0.02591238 -0.02591238 -0.03151293
-0.04785209 -0.05423909 -0.05924621 0.004267378 -0.01735951
0.04222622 -0.02216931 -0.04253176 -0.02591238 -0.02591238
-0.07216679 -0.05423909 0.1187810 -0.03158318 -0.03485465
-0.02591238 -0.02865531 -0.06566108 -0.02811018 -0.02591238
-0.03485465 -0.03158318 -0.03015416 0.06160503 -0.03713096
-0.02591238 -0.02591238 -0.02591238 -0.02591238 -0.0100999
-0.04421822 0.09918693 0.1301363 -0.1136232 -0.02591238
-0.1136232 -0.1722184 -0.04421822 0.04243034 -0.02591238
-0.02216931 -0.04769104 -0.008851423 -0.02199416 0.09918693
-0.03561283 0.04713365 -0.2032931 -0.02591238 -0.03963088
-0.09329464 0.09918693 0.09052716 -0.01478235 0.09918693
-0.01735951 -0.06992182 -0.03977886 -0.08782777 -0.02591238
-0.02591238 -0.03015416 -0.02591238 -0.03912338 -0.3484573
-0.02591238 -0.02591238 0.1187810 -0.02591238 -0.02591238
-0.05055827 -0.02591238 -0.01956110 -0.01666046 -0.02591238
-0.08782777 -0.02591238 0.003953452 -0.03963088 -0.03963088
-0.03963088 -0.01846579 -0.04200811 -0.04397364 -0.03235137
0.7051005 -0.01478235 -0.03318399 -0.04837003 -0.008367178
-0.03351430 -0.04754666 -0.03826903 -0.04867518 -0.03204748
0.004267378 0.04185911 0.1045976 -0.05678895 0.04185911
0.06847221 0.05272387 -0.1887153 -0.05197293 -0.08350175
0.04185911 -0.1131596 0.02510727 -0.08350175 0.06847221
0.06320447 -0.05862975 0.03837838 0.006573246 0.04185911
0.04185911 0.05326484 0.04185911 -0.08350175 0.08969224
-0.01072581 0.06060428 -0.2778702 0.0681248 -0.01486895
0.04185911 0.0637655 0.09247444 -0.05197293 0.06847221
-0.09131602 0.1362805 0.1044587 -0.049683 -0.08350175
0.04185911 -0.08350175 0.05722419 0.04185911 0.06246813
0.04185911 0.1126977 0.04185911 -0.08350175 -0.1875309
-0.08350175 0.05747524 -0.08350175 0.04185911 -0.05197293
0.1044587 0.06060428 0.04185911 0.04185911 0.04103995
0.06028158 0.05272387 0.05330226 -0.1252387 -0.1131596
0.05195801 0.1677883 -0.1131596 0.02510727 0.01274852
0.02150242 0.04549494 0.04185911 -0.08350175 0.0508759
0.04185911 0.04185911 -0.1131596 -0.1252387 0.04185911
-0.08350175 -0.05678895 0.04185911 -0.003650457 0.06060428
0.04185911 0.04185911 -0.08350175 -0.1060642 -0.01072581
0.06060428 0.04185911 0.0987778 0.1309428 0.04185911
-0.0004335804 -0.05678895 0.03837838 0.04185911 0.04923761
0.02787142 0.1325584 0.1044587 -0.07343415 0.02510727
-0.01486895 0.04185911 0.04185911 -0.1131596 -0.1131596
-0.08350175 0.1809950 -0.1563992 0.04185911 0.04185911
0.06060428 -0.08590431 0.05722419 0.04435067 0.05412337
-0.1131596 0.03571237 0.05722419 -0.08350175 0.01442575
0.04844394 0.04185911 0.04185911 0.05747524 0.06067742
0.02510727 0.1677883 0.06060428 -0.001437560 -0.08350175
-0.1131596 0.04185911 0.05376085 -0.01072581 0.09247444
-0.08350175 0.04185911 0.06060428 0.004039514 0.0859943
0.03837838 0.04185911 0.04185911 -0.1107132 0.08518479
0.09482135 -0.1131596 0.06847221 0.1457836 0.04185911
0.06067742 0.1171959 0.04185911 0.02787142 -0.08350175
0.1316957 -0.1131596 0.06261026 0.09512242 0.05326484
0.04185911 0.1944286 0.06847221 0.04923761 -0.08715396
0.06067742 0.04185911 0.06028158 0.04952768 0.04185911
-0.05678895 -0.08350175 0.05722419 0.04185911 0.06060428
-0.6130362 0.1316957 0.04185911 0.04185911 -0.1252387
0.04952768 0.05326484 -0.01384740 0.1458342 0.04185911
-0.1923454 0.0637655 0.06067742 -0.08590431 0.04185911
-0.08590431 0.05722419 -0.1131596 -0.08590431 0.004039514
0.1491970 0.01442575 0.04185911 0.05747524 0.002954579
0.0637655 0.04185911 -0.03243721 0.04185911 0.1245021
-0.08350175 0.04185911 0.0637655 0.04185911 -0.06258316
0.04185911 -0.08350175 -0.04768354 0.04185911 0.07155465
0.002954579 0.06456637 0.06518496 -0.08350175 0.04185911
0.04185911 0.04185911 0.06067742 0.04185911 -0.03481908
0.04185911 -0.05678895 0.06060428 0.04185911 0.06847221
0.0637655 0.04952768 0.06060428 -0.1131596 0.06360515
-0.08350175 -0.1131596 -0.03532746 0.04185911 0.06067742
0.04185911 0.05415553 0.06847221 0.05272387 0.03571237
0.04185911 0.05415553 0.07764097 0.06847221 0.00417341
-0.08350175 -0.08350175 0.04185911 0.02150242 -0.049683
0.02675525 0.04185911 0.06067742 -0.1131596 0.04952768
0.0637655 -0.01072581 0.04952768 -0.05678895 0.01155191
0.06060428 0.06028158 -0.08350175 0.04185911 0.06060428
0.04185911 0.02510727 0.02675525 0.05415553 0.04185911
0.0376644 0.04185911 -0.05678895 0.04185911 0.05272387
-0.01072581 0.06067742 -0.08350175 0.06060428 0.1044587
0.05415553 0.07749493 -0.08350175 -0.08350175 -0.03481908
0.04185911 0.1677883 0.04103995 0.04185911 -0.1131596
-0.3608947 0.04185911 0.02510727 -0.505047 0.1677883
0.05415553 0.04185911 -0.1501487 0.04783547 0.05747524
0.06028158 -0.08590431 0.05272387 0.06060428 0.07317308
0.02787142 0.02675525 0.06067742 -0.049683 0.0464661
0.04735075 0.1011915 0.0637655 -0.1252387 0.02510727
0.05008955 -0.01072581 -0.1131596 -0.2319527 0.03837838
-0.1131596 0.09645798 0.04185911 0.05648654 0.1019894
-0.03033884 0.05272387 -0.1131596 0.05272387 -0.1875309
0.06067742 -0.01072581 0.1248793 -0.049683 0.1625276
0.06060428 0.04185911 0.05747524 0.06853413 0.1251077
0.05516566 -0.1131596 0.04185911 0.06067742 -0.03988898
0.05415553 -0.505047 -0.004300491 -0.01072581 0.04185911
0.002954579 0.07155465 0.06847221 0.04103995 0.1079193
-0.1131596 0.05053824 -0.1563992 0.1382127 0.06847221
0.09247444 -0.1131596 0.04185911 0.04185911 0.05053824
0.09482135 0.02510727 0.02563235 -0.09335458 0.04185911
-0.09672277 -0.06323288 0.05326484 0.04185911 0.05415553
0.0508759 0.0637655 0.07349166 -0.1385719 0.06060428
0.04185911 0.1316957 0.04185911 0.04185911 0.06067742
0.1260591 0.06310885 0.04185911 0.03837838 0.1316957
-0.08350175 -0.08350175 0.0681248 0.004039514 0.08175031
-0.09167841 0.1677883 0.1209414 0.05272387 0.06246813
-0.01486895 -0.08350175 0.1185663 -0.1131596 0.05516566
0.04185911 0.05326484 0.06847221 0.05722419 0.04185911
0.06067742 0.03662450 -0.505047 0.02510727 -0.08350175
-0.03481908 0.0637655 0.04185911 0.0328812 -0.03578881
-0.049683 0.09853162 0.06058194 0.03837838 -0.08350175
0.04185911 -0.1131596 -0.05678895 -0.08350175 0.04952768
0.04185911 -0.05678895 -0.1131596 -0.05678895 0.1080501
-0.1131596 -0.03532746 0.04185911 0.06261026 0.06853413
0.04185911 0.04185911 0.04185911 0.04185911 -0.04473105
0.1044587 0.02376434 0.04419806 -0.01486895 -0.05678895
0.04185911 -0.08590431 0.04185911 0.05412337 0.07019982
-0.6130362 -0.1131596 0.04185911 0.04952768 0.04185911
0.1202525 0.04185911 0.07382398 -0.1131596 0.04185911
-0.1060951 0.1136416 -0.1131596 -0.1131596 0.01155191
0.1044587 0.04185911 -0.06686938 -0.03481908 -0.1131596
0.04185911 0.06456637 -0.08350175 -0.05222086 -0.1131596
0.04185911 0.03837838 0.05648654 -0.1131596 -0.08350175
-0.03243721 0.05272387 0.03571237 0.1117422 0.06182411
0.04185911 0.04185911 -0.02386037 0.04185911 0.04185911
0.05272387 0.08998156 0.06058194 0.07199317 0.002954579
0.02563235 -0.04768354 0.03837838 0.07256278 0.04185911
0.04185911 -0.01413084 0.06058194 -0.1131596 0.05326484
0.06060428 0.04185911 0.05008955 0.09691952 0.05524801
0.04185911 0.06060428 0.05326484 0.05053824 -0.05197293
-0.03243721 0.04185911 0.04185911 0.04185911 0.04185911
0.02787142 0.0785111 -0.08350175 -0.1169412 -0.049683
0.04185911 -0.049683 -0.299632 0.0785111 0.1126977
0.04185911 0.03837838 0.09245357 0.02100001 0.1193313
-0.08350175 0.06067742 -0.03903603 -0.3331198 0.04185911
0.06847221 -0.1410269 -0.08350175 -0.1117995 -0.05678895
-0.08350175 0.02563235 0.1044587 0.07155465 -0.01486895
0.04185911 0.04185911 0.05053824 0.04185911 -0.1199205
-0.610012 0.04185911 0.04185911 -0.1131596 0.04185911
0.04185911 0.09247444 0.04185911 0.004039514 0.04419806
0.04185911 -0.01486895 0.04185911 -0.02590058 0.06847221
0.06847221 0.06847221 0.02510727 0.0637655 0.09142316
0.06083971 -0.2319527 -0.05678895 0.02958120 0.01155191
0.04783547 0.06045504 0.05787458 0.00417341 0.07283942
0.05376085 0.002954579
