94|1
117|1
140|1
148|1
170|1
182|1
201|1
209|1
210|1
216|1
230|1
246|1
261|1
266|1
7|2
55|2
62|2
109|2
117|2
119|2
120|2
148|2
170|2
210|2
219|2
275|2
277|2
9|3
45|3
62|3
70|3
94|3
103|3
182|3
183|3
201|3
204|3
207|3
246|3
94|4
116|4
148|4
150|4
154|4
161|4
163|4
204|4
216|4
56|5
63|5
70|5
103|5
110|5
117|5
122|5
128|5
138|5
163|5
177|5
183|5
196|5
201|5
204|5
244|5
253|5
261|5
275|5
277|5
286|5
7|6
62|6
81|6
109|6
120|6
122|6
128|6
154|6
203|6
209|6
217|6
221|6
266|6
40|7
45|7
56|7
58|7
81|7
119|7
148|7
161|7
170|7
196|7
201|7
210|7
219|7
230|7
246|7
253|7
275|7
294|7
1|8
9|8
106|8
117|8
138|8
161|8
163|8
170|8
203|8
209|8
216|8
221|8
275|8
294|8
32|9
45|9
55|9
122|9
158|9
182|9
183|9
210|9
221|9
230|9
246|9
266|9
9|10
56|10
62|10
70|10
110|10
120|10
122|10
140|10
148|10
170|10
183|10
196|10
221|10
277|10
286|10
294|10
116|11
120|11
128|11
140|11
148|11
154|11
170|11
183|11
219|11
221|11
236|11
266|11
40|12
55|12
62|12
94|12
117|12
119|12
138|12
161|12
170|12
196|12
203|12
204|12
206|12
209|12
219|12
230|12
253|12
277|12
286|12
63|13
103|13
109|13
110|13
120|13
163|13
183|13
196|13
201|13
221|13
230|13
244|13
253|13
261|13
263|13
277|13
278|13
286|13
294|13
40|14
45|14
70|14
81|14
110|14
117|14
128|14
140|14
183|14
201|14
210|14
244|14
246|14
32|15
40|15
62|15
63|15
103|15
161|15
182|15
210|15
221|15
233|15
244|15
253|15
286|15
45|16
56|16
62|16
63|16
116|16
140|16
154|16
158|16
162|16
163|16
196|16
204|16
209|16
233|16
236|16
244|16
277|16
286|16
1|17
7|17
32|17
45|17
55|17
58|17
62|17
63|17
116|17
170|17
201|17
224|17
230|17
244|17
261|17
275|17
81|18
119|18
150|18
154|18
161|18
182|18
183|18
206|18
217|18
221|18
244|18
294|18
70|19
117|19
128|19
140|19
154|19
161|19
183|19
203|19
207|19
286|19
294|19
56|20
81|20
109|20
116|20
117|20
119|20
128|20
201|20
209|20
219|20
261|20
275|20
1|21
7|21
103|21
117|21
119|21
128|21
138|21
150|21
154|21
161|21
162|21
163|21
201|21
217|21
246|21
261|21
275|21
286|21
50|22
56|22
58|22
62|22
81|22
109|22
117|22
128|22
138|22
140|22
154|22
158|22
161|22
163|22
183|22
201|22
203|22
204|22
207|22
221|22
233|22
246|22
266|22
286|22
45|23
70|23
94|23
103|23
138|23
148|23
177|23
196|23
207|23
230|23
244|23
246|23
266|23
270|23
278|23
294|23
7|24
58|24
62|24
116|24
117|24
122|24
161|24
166|24
183|24
186|24
201|24
236|24
264|24
278|24
294|24
40|25
45|25
62|25
94|25
117|25
120|25
124|25
154|25
177|25
201|25
210|25
236|25
253|25
275|25
286|25
70|26
94|26
109|26
117|26
122|26
158|26
163|26
177|26
201|26
216|26
221|26
246|26
277|26
278|26
32|27
55|27
94|27
110|27
120|27
122|27
138|27
154|27
161|27
170|27
203|27
209|27
219|27
233|27
236|27
244|27
253|27
261|27
277|27
294|27
7|28
55|28
62|28
63|28
122|28
128|28
158|28
161|28
182|28
203|28
209|28
219|28
253|28
294|28
40|29
50|29
70|29
110|29
128|29
138|29
148|29
154|29
184|29
203|29
207|29
253|29
270|29
275|29
9|30
40|30
50|30
81|30
120|30
122|30
140|30
148|30
163|30
196|30
204|30
217|30
233|30
244|30
266|30
294|30
7|31
9|31
45|31
55|31
63|31
81|31
138|31
150|31
154|31
161|31
170|31
196|31
201|31
203|31
210|31
236|31
261|31
266|31
275|31
9|32
63|32
116|32
117|32
120|32
138|32
140|32
158|32
161|32
182|32
201|32
204|32
209|32
210|32
217|32
233|32
246|32
275|32
294|32
7|33
81|33
109|33
119|33
120|33
158|33
203|33
204|33
207|33
209|33
210|33
217|33
219|33
230|33
236|33
266|33
286|33
294|33
7|34
32|34
62|34
63|34
120|34
138|34
161|34
183|34
186|34
210|34
230|34
233|34
244|34
7|35
45|35
116|35
120|35
122|35
148|35
196|35
203|35
236|35
244|35
266|35
294|35
45|36
50|36
55|36
109|36
120|36
177|36
183|36
206|36
219|36
294|36
9|37
40|37
55|37
70|37
81|37
116|37
117|37
122|37
128|37
148|37
161|37
196|37
201|37
210|37
216|37
236|37
246|37
253|37
266|37
45|38
55|38
56|38
84|38
120|38
148|38
221|38
277|38
50|39
56|39
58|39
63|39
116|39
117|39
120|39
128|39
154|39
170|39
183|39
186|39
206|39
209|39
210|39
219|39
230|39
253|39
45|40
55|40
62|40
63|40
94|40
138|40
150|40
201|40
203|40
210|40
217|40
230|40
233|40
246|40
253|40
275|40
286|40
9|41
45|41
55|41
116|41
117|41
128|41
140|41
148|41
150|41
158|41
182|41
183|41
207|41
210|41
219|41
221|41
261|41
266|41
1|42
45|42
63|42
117|42
154|42
158|42
196|42
201|42
204|42
206|42
210|42
217|42
221|42
230|42
233|42
244|42
246|42
266|42
286|42
294|42
9|43
50|43
70|43
124|43
128|43
140|43
148|43
163|43
183|43
246|43
263|43
294|43
63|44
81|44
150|44
170|44
204|44
219|44
230|44
233|44
244|44
277|44
286|44
1|45
7|45
81|45
109|45
116|45
128|45
142|45
150|45
154|45
158|45
161|45
171|45
202|45
204|45
230|45
266|45
275|45
1|46
109|46
116|46
119|46
120|46
122|46
161|46
162|46
210|46
239|46
244|46
261|46
292|46
9|47
55|47
106|47
122|47
141|47
154|47
203|47
206|47
209|47
210|47
219|47
244|47
277|47
286|47
9|48
81|48
117|48
122|48
141|48
148|48
150|48
154|48
158|48
210|48
233|48
244|48
275|48
286|48
292|48
7|49
55|49
81|49
119|49
140|49
150|49
170|49
203|49
204|49
209|49
224|49
246|49
286|49
7|50
109|50
117|50
122|50
142|50
148|50
158|50
161|50
204|50
210|50
230|50
275|50
106|51
116|51
119|51
120|51
138|51
154|51
182|51
206|51
221|51
230|51
239|51
246|51
275|51
286|51
1|52
63|52
81|52
109|52
117|52
119|52
120|52
148|52
210|52
230|52
261|52
266|52
275|52
81|53
117|53
128|53
138|53
140|53
141|53
142|53
148|53
150|53
154|53
158|53
163|53
202|53
204|53
210|53
219|53
224|53
230|53
233|53
266|53
7|54
9|54
55|54
106|54
116|54
122|54
138|54
140|54
201|54
210|54
230|54
275|54
286|54
294|54
9|55
81|55
106|55
119|55
150|55
154|55
158|55
163|55
206|55
210|55
224|55
275|55
1|56
7|56
63|56
81|56
83|56
109|56
117|56
128|56
154|56
158|56
161|56
201|56
219|56
224|56
244|56
275|56
63|57
81|57
109|57
120|57
158|57
234|57
266|57
9|58
63|58
106|58
117|58
120|58
122|58
162|58
163|58
170|58
204|58
210|58
261|58
119|59
120|59
122|59
141|59
170|59
224|59
244|59
261|59
266|59
277|59
286|59
55|60
63|60
81|60
106|60
109|60
117|60
122|60
128|60
140|60
141|60
158|60
162|60
203|60
209|60
216|60
233|60
239|60
246|60
277|60
286|60
63|61
109|61
117|61
119|61
120|61
128|61
162|61
206|61
219|61
221|61
224|61
7|62
9|62
55|62
109|62
128|62
138|62
140|62
142|62
148|62
154|62
161|62
201|62
224|62
230|62
236|62
244|62
261|62
7|63
55|63
81|63
120|63
138|63
163|63
170|63
204|63
224|63
230|63
63|64
81|64
83|64
109|64
117|64
120|64
141|64
150|64
154|64
158|64
161|64
203|64
224|64
261|64
266|64
106|65
109|65
128|65
138|65
140|65
142|65
148|65
150|65
154|65
201|65
203|65
209|65
221|65
224|65
275|65
286|65
1|66
7|66
63|66
106|66
117|66
119|66
120|66
158|66
203|66
209|66
219|66
230|66
246|66
277|66
9|67
148|67
162|67
163|67
203|67
209|67
266|67
9|68
63|68
117|68
120|68
154|68
161|68
209|68
234|68
244|68
275|68
277|68
1|69
117|69
122|69
138|69
141|69
142|69
148|69
162|69
201|69
202|69
203|69
210|69
55|70
116|70
119|70
120|70
148|70
150|70
204|70
209|70
217|70
219|70
224|70
233|70
55|71
106|71
116|71
122|71
128|71
138|71
150|71
161|71
162|71
163|71
170|71
182|71
206|71
230|71
234|71
261|71
1|72
9|72
106|72
109|72
117|72
154|72
158|72
163|72
170|72
183|72
204|72
206|72
230|72
246|72
266|72
277|72
294|72
7|73
117|73
119|73
120|73
138|73
158|73
161|73
203|73
204|73
210|73
224|73
230|73
239|73
244|73
275|73
277|73
294|73
55|74
56|74
109|74
117|74
138|74
140|74
158|74
161|74
170|74
204|74
207|74
209|74
219|74
294|74
1|75
7|75
81|75
109|75
119|75
120|75
122|75
138|75
140|75
141|75
148|75
158|75
162|75
170|75
203|75
204|75
277|75
1|76
56|76
106|76
119|76
140|76
163|76
204|76
207|76
219|76
230|76
239|76
1|77
63|77
120|77
140|77
141|77
158|77
204|77
209|77
219|77
221|77
233|77
239|77
266|77
275|77
286|77
1|78
63|78
106|78
128|78
138|78
141|78
150|78
158|78
162|78
206|78
221|78
234|78
261|78
286|78
1|79
63|79
83|79
150|79
203|79
204|79
209|79
210|79
224|79
261|79
1|80
128|80
140|80
141|80
148|80
150|80
170|80
183|80
201|80
210|80
221|80
230|80
239|80
246|80
253|80
261|80
277|80
7|81
83|81
116|81
120|81
128|81
140|81
154|81
170|81
171|81
201|81
206|81
219|81
224|81
230|81
234|81
106|82
140|82
150|82
161|82
170|82
171|82
201|82
210|82
217|82
120|83
138|83
140|83
163|83
170|83
206|83
221|83
233|83
55|84
106|84
117|84
128|84
138|84
141|84
158|84
163|84
204|84
224|84
230|84
239|84
244|84
266|84
275|84
286|84
81|85
109|85
116|85
128|85
138|85
140|85
142|85
162|85
163|85
201|85
203|85
209|85
233|85
244|85
266|85
286|85
7|86
9|86
109|86
116|86
148|86
162|86
202|86
234|86
239|86
275|86
9|87
55|87
116|87
148|87
158|87
161|87
182|87
201|87
204|87
233|87
275|87
277|87
56|88
63|88
103|88
106|88
109|88
122|88
128|88
140|88
158|88
161|88
163|88
183|88
216|88
219|88
230|88
233|88
246|88
253|88
275|88
1|89
55|89
116|89
117|89
119|89
128|89
182|89
201|89
219|89
239|89
261|89
275|89
1|90
7|90
81|90
122|90
128|90
138|90
142|90
148|90
158|90
163|90
209|90
224|90
244|90
7|91
9|91
128|91
141|91
148|91
158|91
161|91
170|91
201|91
204|91
210|91
233|91
246|91
261|91
277|91
55|92
81|92
109|92
119|92
141|92
161|92
162|92
202|92
204|92
210|92
224|92
233|92
261|92
275|92
286|92
6|93
54|93
70|93
77|93
100|93
108|93
122|93
124|93
162|93
174|93
181|93
203|93
216|93
225|93
226|93
239|93
246|93
266|93
277|93
292|93
31|94
34|94
77|94
87|94
90|94
99|94
100|94
108|94
120|94
150|94
160|94
162|94
170|94
181|94
203|94
225|94
241|94
246|94
261|94
286|94
287|94
37|95
49|95
51|95
100|95
108|95
115|95
131|95
141|95
160|95
170|95
174|95
194|95
216|95
226|95
232|95
6|96
37|96
42|96
51|96
70|96
90|96
108|96
124|96
182|96
232|96
241|96
246|96
285|96
287|96
11|97
37|97
70|97
90|97
94|97
120|97
131|97
150|97
174|97
216|97
239|97
263|97
277|97
285|97
8|98
31|98
34|98
37|98
77|98
90|98
99|98
108|98
124|98
150|98
160|98
174|98
190|98
207|98
225|98
232|98
266|98
291|98
11|99
24|99
34|99
37|99
42|99
43|99
51|99
77|99
122|99
123|99
140|99
174|99
181|99
182|99
190|99
195|99
203|99
225|99
226|99
232|99
241|99
271|99
277|99
291|99
6|100
24|100
43|100
70|100
120|100
133|100
170|100
174|100
194|100
232|100
239|100
246|100
251|100
266|100
277|100
291|100
6|101
37|101
42|101
87|101
100|101
103|101
120|101
122|101
124|101
160|101
164|101
170|101
182|101
241|101
251|101
287|101
291|101
8|102
11|102
18|102
30|102
42|102
43|102
70|102
90|102
91|102
123|102
129|102
164|102
174|102
190|102
246|102
277|102
286|102
6|103
11|103
18|103
24|103
30|103
34|103
49|103
51|103
99|103
133|103
139|103
140|103
160|103
170|103
190|103
216|103
226|103
251|103
285|103
291|103
18|104
30|104
51|104
77|104
90|104
100|104
115|104
120|104
164|104
170|104
216|104
232|104
251|104
277|104
6|105
8|105
24|105
30|105
49|105
87|105
120|105
164|105
190|105
194|105
207|105
216|105
225|105
232|105
239|105
266|105
285|105
8|106
18|106
24|106
30|106
91|106
94|106
99|106
100|106
124|106
140|106
164|106
170|106
194|106
216|106
225|106
232|106
277|106
285|106
6|107
11|107
24|107
31|107
42|107
51|107
99|107
120|107
123|107
190|107
194|107
216|107
225|107
241|107
263|107
266|107
8|108
11|108
37|108
70|108
87|108
99|108
108|108
112|108
115|108
133|108
160|108
170|108
190|108
216|108
225|108
232|108
246|108
266|108
271|108
286|108
11|109
34|109
37|109
42|109
82|109
87|109
100|109
108|109
216|109
239|109
285|109
8|110
34|110
43|110
87|110
100|110
103|110
124|110
131|110
164|110
174|110
190|110
207|110
216|110
226|110
246|110
263|110
271|110
285|110
24|111
34|111
37|111
49|111
90|111
91|111
96|111
99|111
120|111
139|111
164|111
182|111
225|111
232|111
241|111
246|111
8|112
11|112
18|112
30|112
43|112
70|112
77|112
99|112
112|112
126|112
133|112
139|112
160|112
271|112
6|113
8|113
43|113
87|113
90|113
100|113
120|113
123|113
174|113
182|113
226|113
263|113
271|113
285|113
296|113
11|114
30|114
49|114
100|114
108|114
120|114
123|114
133|114
150|114
207|114
225|114
232|114
239|114
263|114
277|114
285|114
291|114
24|115
31|115
34|115
42|115
49|115
90|115
99|115
100|115
108|115
123|115
141|115
174|115
181|115
225|115
232|115
246|115
251|115
296|115
8|116
34|116
49|116
51|116
141|116
174|116
181|116
190|116
194|116
225|116
241|116
266|116
271|116
285|116
286|116
292|116
8|117
11|117
18|117
24|117
70|117
77|117
94|117
96|117
100|117
103|117
108|117
131|117
133|117
170|117
194|117
203|117
232|117
241|117
246|117
263|117
271|117
277|117
285|117
24|118
54|118
70|118
108|118
120|118
124|118
131|118
170|118
190|118
203|118
207|118
216|118
232|118
239|118
287|118
291|118
6|119
18|119
24|119
37|119
43|119
49|119
51|119
68|119
82|119
99|119
100|119
115|119
141|119
170|119
246|119
285|119
287|119
6|120
11|120
34|120
37|120
43|120
49|120
90|120
91|120
112|120
131|120
160|120
174|120
194|120
225|120
239|120
241|120
271|120
49|121
51|121
90|121
108|121
115|121
123|121
124|121
164|121
170|121
241|121
287|121
291|121
24|122
31|122
42|122
49|122
87|122
94|122
108|122
124|122
131|122
133|122
140|122
194|122
239|122
266|122
277|122
291|122
296|122
8|123
11|123
18|123
31|123
37|123
42|123
49|123
87|123
94|123
100|123
120|123
123|123
131|123
133|123
140|123
194|123
203|123
216|123
225|123
232|123
246|123
251|123
285|123
286|123
11|124
24|124
30|124
34|124
37|124
43|124
51|124
70|124
90|124
108|124
160|124
174|124
181|124
182|124
225|124
239|124
261|124
266|124
271|124
277|124
291|124
31|125
51|125
90|125
99|125
108|125
133|125
164|125
225|125
232|125
239|125
251|125
277|125
291|125
296|125
8|126
24|126
70|126
87|126
94|126
100|126
124|126
140|126
141|126
170|126
216|126
251|126
277|126
285|126
286|126
11|127
49|127
51|127
70|127
90|127
100|127
120|127
123|127
124|127
140|127
170|127
194|127
266|127
271|127
286|127
34|128
49|128
87|128
131|128
150|128
162|128
174|128
182|128
203|128
216|128
225|128
241|128
266|128
286|128
291|128
296|128
8|129
24|129
37|129
70|129
99|129
123|129
141|129
170|129
182|129
190|129
203|129
232|129
239|129
241|129
251|129
261|129
277|129
287|129
30|130
37|130
43|130
77|130
87|130
90|130
99|130
100|130
108|130
122|130
123|130
124|130
140|130
150|130
162|130
164|130
174|130
182|130
225|130
226|130
261|130
266|130
286|130
287|130
291|130
6|131
42|131
87|131
90|131
94|131
100|131
122|131
123|131
124|131
141|131
150|131
160|131
182|131
190|131
251|131
263|131
271|131
296|131
30|132
34|132
37|132
42|132
49|132
51|132
87|132
96|132
139|132
174|132
182|132
207|132
241|132
251|132
263|132
296|132
18|133
42|133
49|133
70|133
77|133
87|133
99|133
123|133
150|133
164|133
170|133
174|133
194|133
216|133
239|133
246|133
266|133
277|133
285|133
287|133
292|133
6|134
24|134
30|134
31|134
42|134
68|134
82|134
108|134
232|134
286|134
290|134
8|135
31|135
43|135
51|135
54|135
77|135
99|135
100|135
108|135
120|135
122|135
140|135
160|135
162|135
174|135
207|135
226|135
271|135
277|135
287|135
291|135
30|136
43|136
54|136
87|136
99|136
100|136
140|136
170|136
190|136
239|136
246|136
263|136
277|136
30|137
34|137
43|137
77|137
124|137
140|137
160|137
164|137
174|137
182|137
207|137
225|137
226|137
234|137
246|137
251|137
261|137
266|137
277|137
285|137
287|137
42|138
49|138
100|138
120|138
123|138
160|138
216|138
251|138
286|138
287|138
291|138
8|139
34|139
37|139
70|139
77|139
99|139
133|139
140|139
164|139
170|139
181|139
194|139
246|139
266|139
271|139
34|140
70|140
94|140
108|140
123|140
164|140
174|140
181|140
182|140
203|140
241|140
266|140
271|140
285|140
11|141
24|141
43|141
49|141
108|141
120|141
131|141
133|141
225|141
226|141
251|141
263|141
277|141
287|141
296|141
11|142
30|142
31|142
34|142
37|142
43|142
70|142
77|142
133|142
160|142
164|142
194|142
246|142
251|142
286|142
287|142
24|143
70|143
90|143
120|143
160|143
170|143
190|143
203|143
226|143
246|143
263|143
286|143
291|143
6|144
49|144
77|144
120|144
133|144
140|144
141|144
150|144
181|144
182|144
203|144
261|144
6|145
8|145
18|145
30|145
37|145
99|145
100|145
115|145
120|145
141|145
174|145
181|145
194|145
207|145
216|145
263|145
266|145
285|145
286|145
296|145
24|146
34|146
37|146
49|146
70|146
90|146
99|146
100|146
120|146
123|146
131|146
140|146
207|146
226|146
239|146
241|146
291|146
296|146
30|147
49|147
120|147
164|147
181|147
239|147
263|147
266|147
277|147
287|147
6|148
24|148
31|148
37|148
43|148
90|148
120|148
124|148
140|148
207|148
216|148
226|148
232|148
246|148
11|149
37|149
42|149
43|149
51|149
77|149
94|149
123|149
124|149
131|149
150|149
160|149
164|149
181|149
203|149
287|149
296|149
30|150
43|150
51|150
54|150
70|150
87|150
99|150
108|150
122|150
123|150
131|150
150|150
170|150
174|150
181|150
194|150
216|150
241|150
246|150
251|150
296|150
8|151
24|151
30|151
72|151
77|151
87|151
99|151
108|151
123|151
140|151
141|151
207|151
216|151
225|151
232|151
241|151
246|151
261|151
266|151
286|151
291|151
11|152
31|152
42|152
99|152
100|152
112|152
123|152
140|152
181|152
216|152
225|152
226|152
234|152
263|152
287|152
291|152
8|153
31|153
37|153
100|153
141|153
162|153
207|153
232|153
234|153
246|153
261|153
286|153
292|153
6|154
30|154
31|154
34|154
42|154
43|154
51|154
54|154
99|154
108|154
115|154
120|154
133|154
170|154
181|154
194|154
195|154
263|154
282|154
285|154
8|155
30|155
42|155
49|155
70|155
90|155
94|155
131|155
170|155
174|155
190|155
194|155
207|155
226|155
232|155
241|155
263|155
266|155
271|155
285|155
286|155
296|155
8|156
18|156
24|156
30|156
34|156
70|156
90|156
99|156
129|156
133|156
160|156
170|156
174|156
190|156
232|156
239|156
246|156
251|156
263|156
6|157
11|157
30|157
42|157
54|157
77|157
87|157
99|157
115|157
120|157
123|157
141|157
190|157
207|157
251|157
271|157
277|157
6|158
31|158
42|158
77|158
100|158
140|158
162|158
226|158
239|158
246|158
263|158
266|158
286|158
292|158
18|159
24|159
30|159
31|159
34|159
77|159
87|159
90|159
94|159
120|159
225|159
241|159
285|159
43|160
51|160
70|160
87|160
99|160
100|160
123|160
131|160
133|160
140|160
164|160
181|160
182|160
190|160
194|160
207|160
225|160
232|160
246|160
263|160
266|160
6|161
30|161
34|161
43|161
49|161
70|161
94|161
99|161
123|161
131|161
133|161
181|161
182|161
194|161
216|161
239|161
241|161
266|161
287|161
291|161
30|162
31|162
34|162
42|162
77|162
100|162
120|162
122|162
140|162
141|162
203|162
207|162
239|162
241|162
263|162
266|162
287|162
46|163
81|163
83|163
93|163
109|163
119|163
138|163
261|163
266|163
1|164
16|164
25|164
46|164
83|164
93|164
127|164
138|164
189|164
204|164
209|164
275|164
293|164
1|165
25|165
55|165
83|165
106|165
162|165
163|165
171|165
224|165
233|165
46|166
75|166
93|166
128|166
142|166
148|166
154|166
162|166
202|166
209|166
292|166
46|167
55|167
81|167
93|167
148|167
151|167
171|167
202|167
204|167
209|167
210|167
233|167
25|168
83|168
106|168
109|168
117|168
127|168
138|168
154|168
161|168
169|168
224|168
233|168
234|168
275|168
292|168
63|169
83|169
106|169
119|169
142|169
154|169
161|169
202|169
210|169
234|169
261|169
275|169
1|170
25|170
63|170
81|170
138|170
142|170
150|170
158|170
161|170
163|170
204|170
210|170
261|170
55|171
75|171
83|171
127|171
128|171
161|171
162|171
171|171
193|171
210|171
261|171
16|172
25|172
63|172
75|172
83|172
142|172
148|172
154|172
163|172
171|172
209|172
224|172
233|172
261|172
293|172
1|173
55|173
93|173
117|173
150|173
158|173
202|173
204|173
233|173
275|173
293|173
75|174
83|174
106|174
119|174
138|174
141|174
163|174
193|174
204|174
233|174
261|174
1|175
46|175
93|175
142|175
162|175
163|175
171|175
204|175
292|175
293|175
1|176
25|176
46|176
75|176
109|176
122|176
127|176
142|176
150|176
151|176
154|176
158|176
171|176
202|176
209|176
224|176
261|176
266|176
293|176
25|177
83|177
106|177
117|177
119|177
128|177
142|177
150|177
154|177
158|177
163|177
204|177
210|177
234|177
261|177
275|177
292|177
93|178
148|178
154|178
158|178
169|178
206|178
210|178
224|178
9|179
63|179
83|179
93|179
106|179
116|179
122|179
150|179
151|179
154|179
171|179
202|179
230|179
233|179
234|179
127|180
128|180
148|180
169|180
202|180
210|180
224|180
233|180
261|180
16|181
46|181
93|181
106|181
109|181
127|181
151|181
169|181
171|181
193|181
202|181
234|181
261|181
9|182
93|182
109|182
116|182
119|182
122|182
141|182
148|182
154|182
162|182
171|182
210|182
233|182
261|182
292|182
93|183
138|183
148|183
158|183
204|183
206|183
210|183
261|183
292|183
63|184
83|184
117|184
128|184
138|184
158|184
171|184
206|184
210|184
227|184
261|184
116|185
119|185
142|185
150|185
158|185
161|185
171|185
204|185
266|185
63|186
83|186
106|186
148|186
162|186
163|186
193|186
204|186
234|186
16|187
55|187
81|187
93|187
106|187
119|187
122|187
127|187
150|187
154|187
158|187
193|187
202|187
210|187
224|187
234|187
63|188
93|188
106|188
109|188
117|188
119|188
128|188
151|188
204|188
209|188
210|188
25|189
75|189
78|189
109|189
117|189
119|189
138|189
142|189
154|189
209|189
210|189
233|189
16|190
25|190
46|190
55|190
75|190
83|190
93|190
127|190
154|190
163|190
261|190
300|190
81|191
106|191
109|191
117|191
119|191
162|191
206|191
210|191
250|191
55|192
81|192
128|192
142|192
151|192
161|192
162|192
171|192
224|192
227|192
275|192
1|193
117|193
119|193
128|193
138|193
141|193
142|193
150|193
154|193
171|193
224|193
63|194
93|194
128|194
141|194
150|194
163|194
202|194
204|194
233|194
266|194
275|194
292|194
293|194
55|195
106|195
117|195
127|195
148|195
162|195
193|195
210|195
224|195
234|195
46|196
55|196
63|196
81|196
93|196
119|196
148|196
150|196
163|196
204|196
9|197
55|197
81|197
119|197
128|197
138|197
148|197
206|197
210|197
224|197
233|197
63|198
81|198
83|198
93|198
117|198
142|198
150|198
151|198
158|198
161|198
210|198
261|198
55|199
63|199
83|199
109|199
117|199
127|199
128|199
138|199
142|199
148|199
150|199
158|199
224|199
261|199
292|199
83|200
93|200
109|200
127|200
138|200
142|200
148|200
161|200
204|200
224|200
233|200
275|200
63|201
81|201
106|201
142|201
154|201
161|201
206|201
209|201
210|201
219|201
224|201
234|201
261|201
292|201
1|202
106|202
128|202
141|202
151|202
162|202
163|202
193|202
234|202
261|202
266|202
1|203
93|203
138|203
142|203
150|203
151|203
158|203
170|203
209|203
219|203
230|203
233|203
261|203
1|204
25|204
55|204
63|204
75|204
93|204
117|204
119|204
138|204
154|204
171|204
204|204
210|204
224|204
55|205
93|205
128|205
142|205
150|205
171|205
193|205
204|205
209|205
224|205
233|205
234|205
261|205
55|206
81|206
83|206
128|206
138|206
148|206
150|206
154|206
163|206
171|206
202|206
224|206
233|206
275|206
1|207
55|207
63|207
81|207
106|207
117|207
119|207
127|207
128|207
142|207
163|207
193|207
209|207
224|207
234|207
275|207
1|208
7|208
9|208
50|208
55|208
62|208
119|208
122|208
128|208
130|208
148|208
158|208
163|208
201|208
209|208
220|208
221|208
224|208
233|208
236|208
262|208
275|208
1|209
9|209
62|209
65|209
119|209
128|209
138|209
148|209
163|209
171|209
201|209
204|209
210|209
230|209
233|209
1|210
62|210
81|210
101|210
116|210
117|210
130|210
171|210
186|210
201|210
203|210
204|210
210|210
261|210
262|210
275|210
1|211
55|211
62|211
63|211
83|211
116|211
117|211
158|211
201|211
210|211
236|211
244|211
261|211
55|212
81|212
83|212
116|212
119|212
128|212
206|212
210|212
219|212
221|212
233|212
261|212
275|212
7|213
50|213
55|213
58|213
81|213
101|213
106|213
128|213
142|213
148|213
171|213
233|213
294|213
1|214
101|214
142|214
171|214
188|214
220|214
230|214
267|214
101|215
116|215
138|215
162|215
163|215
210|215
219|215
233|215
1|216
32|216
55|216
62|216
63|216
101|216
111|216
130|216
158|216
204|216
221|216
224|216
233|216
244|216
261|216
267|216
275|216
55|217
81|217
84|217
101|217
106|217
109|217
132|217
158|217
212|217
244|217
275|217
65|218
101|218
106|218
119|218
154|218
163|218
204|218
206|218
210|218
233|218
261|218
1|219
9|219
83|219
101|219
109|219
116|219
117|219
142|219
154|219
158|219
161|219
169|219
201|219
204|219
209|219
210|219
212|219
220|219
221|219
236|219
9|220
55|220
58|220
109|220
161|220
169|220
210|220
217|220
219|220
275|220
7|221
83|221
106|221
138|221
142|221
163|221
204|221
217|221
219|221
221|221
236|221
275|221
1|222
7|222
32|222
55|222
81|222
101|222
106|222
119|222
128|222
138|222
148|222
163|222
186|222
201|222
210|222
230|222
233|222
236|222
275|222
55|223
83|223
106|223
109|223
128|223
158|223
163|223
169|223
171|223
204|223
206|223
244|223
7|224
9|224
55|224
65|224
106|224
117|224
122|224
138|224
154|224
203|224
204|224
217|224
233|224
275|224
1|225
7|225
55|225
63|225
83|225
109|225
116|225
119|225
148|225
161|225
186|225
204|225
217|225
219|225
221|225
230|225
63|226
101|226
109|226
116|226
119|226
138|226
142|226
148|226
158|226
163|226
169|226
171|226
186|226
210|226
219|226
221|226
230|226
233|226
236|226
267|226
55|227
63|227
81|227
83|227
116|227
120|227
122|227
138|227
142|227
158|227
162|227
171|227
201|227
209|227
210|227
221|227
224|227
230|227
266|227
7|228
65|228
106|228
119|228
161|228
163|228
206|228
209|228
224|228
233|228
236|228
275|228
7|229
55|229
63|229
120|229
138|229
158|229
161|229
170|229
204|229
209|229
230|229
244|229
261|229
62|230
63|230
106|230
109|230
117|230
122|230
138|230
142|230
148|230
161|230
171|230
201|230
221|230
230|230
244|230
106|231
117|231
119|231
122|231
161|231
163|231
171|231
206|231
244|231
261|231
266|231
7|232
63|232
83|232
128|232
130|232
142|232
154|232
158|232
209|232
217|232
219|232
262|232
267|232
32|233
50|233
55|233
58|233
84|233
106|233
130|233
138|233
142|233
148|233
171|233
204|233
217|233
220|233
221|233
230|233
236|233
275|233
9|234
55|234
62|234
83|234
116|234
119|234
148|234
154|234
224|234
261|234
1|235
55|235
58|235
62|235
65|235
109|235
142|235
148|235
158|235
161|235
201|235
210|235
220|235
221|235
230|235
236|235
7|236
9|236
50|236
58|236
63|236
106|236
163|236
209|236
219|236
233|236
244|236
275|236
1|237
7|237
55|237
62|237
63|237
65|237
111|237
117|237
119|237
128|237
158|237
219|237
221|237
224|237
230|237
233|237
262|237
7|238
63|238
128|238
138|238
148|238
158|238
169|238
171|238
204|238
230|238
1|239
55|239
109|239
119|239
130|239
138|239
161|239
169|239
171|239
206|239
210|239
219|239
230|239
236|239
55|240
65|240
106|240
116|240
117|240
122|240
130|240
138|240
148|240
154|240
163|240
210|240
236|240
9|241
58|241
62|241
65|241
81|241
109|241
117|241
148|241
161|241
163|241
171|241
204|241
209|241
217|241
224|241
233|241
244|241
63|242
65|242
81|242
106|242
201|242
210|242
254|242
267|242
275|242
7|243
50|243
62|243
63|243
83|243
101|243
111|243
116|243
130|243
138|243
142|243
148|243
161|243
163|243
171|243
209|243
210|243
219|243
220|243
221|243
224|243
233|243
262|243
267|243
63|244
65|244
116|244
117|244
154|244
169|244
186|244
201|244
204|244
236|244
267|244
1|245
7|245
55|245
62|245
81|245
101|245
106|245
119|245
122|245
148|245
161|245
171|245
186|245
206|245
221|245
224|245
230|245
236|245
261|245
55|246
63|246
81|246
109|246
122|246
128|246
142|246
148|246
154|246
158|246
163|246
206|246
209|246
236|246
261|246
9|247
63|247
65|247
84|247
106|247
109|247
117|247
130|247
204|247
206|247
294|247
62|248
63|248
83|248
106|248
111|248
116|248
142|248
154|248
163|248
171|248
186|248
209|248
221|248
224|248
236|248
244|248
32|249
58|249
62|249
63|249
81|249
119|249
128|249
148|249
154|249
209|249
210|249
219|249
221|249
224|249
1|250
63|250
106|250
109|250
116|250
122|250
128|250
161|250
163|250
171|250
186|250
204|250
221|250
224|250
230|250
262|250
267|250
275|250
1|251
55|251
58|251
81|251
84|251
116|251
128|251
138|251
158|251
161|251
163|251
206|251
210|251
212|251
220|251
267|251
1|252
32|252
58|252
62|252
63|252
83|252
106|252
122|252
138|252
142|252
158|252
161|252
206|252
210|252
233|252
244|252
294|252
62|253
81|253
106|253
117|253
128|253
142|253
154|253
169|253
171|253
201|253
209|253
217|253
224|253
233|253
1|254
55|254
58|254
62|254
109|254
122|254
128|254
142|254
206|254
224|254
9|255
81|255
83|255
101|255
109|255
148|255
186|255
204|255
206|255
209|255
210|255
230|255
236|255
261|255
63|256
65|256
119|256
148|256
161|256
171|256
209|256
210|256
224|256
236|256
244|256
1|257
7|257
62|257
81|257
119|257
142|257
158|257
163|257
169|257
209|257
212|257
219|257
230|257
236|257
262|257
267|257
7|258
55|258
65|258
106|258
109|258
111|258
161|258
163|258
186|258
188|258
201|258
204|258
206|258
210|258
217|258
219|258
220|258
233|258
58|259
109|259
116|259
122|259
142|259
161|259
169|259
204|259
206|259
209|259
210|259
230|259
236|259
267|259
83|260
101|260
121|260
149|260
179|260
10|261
83|261
106|261
149|261
169|261
175|261
206|261
214|261
250|261
254|261
255|261
257|261
35|262
142|262
149|262
151|262
171|262
179|262
250|262
267|262
38|263
78|263
132|263
142|263
155|263
171|263
257|263
273|263
35|264
55|264
78|264
83|264
101|264
175|264
206|264
267|264
10|265
78|265
83|265
142|265
155|265
169|265
175|265
179|265
214|265
224|265
227|265
83|266
106|266
149|266
155|266
242|266
254|266
273|266
83|267
105|267
132|267
149|267
169|267
209|267
214|267
255|267
10|268
83|268
119|268
121|268
142|268
169|268
175|268
208|268
227|268
250|268
267|268
10|269
78|269
106|269
149|269
151|269
169|269
171|269
179|269
208|269
209|269
224|269
255|269
38|270
78|270
101|270
106|270
119|270
121|270
142|270
171|270
179|270
206|270
210|270
214|270
224|270
257|270
78|271
132|271
142|271
155|271
179|271
214|271
224|271
250|271
255|271
55|272
105|272
132|272
142|272
169|272
209|272
227|272
250|272
267|272
78|273
101|273
121|273
132|273
142|273
227|273
250|273
257|273
267|273
273|273
10|274
38|274
83|274
105|274
121|274
151|274
171|274
206|274
209|274
214|274
224|274
257|274
16|275
46|275
53|275
89|275
125|275
150|275
167|275
189|275
193|275
223|275
225|275
239|275
240|275
259|275
287|275
300|275
28|276
42|276
59|276
75|276
125|276
167|276
178|276
180|276
223|276
239|276
269|276
287|276
289|276
300|276
6|277
16|277
46|277
75|277
93|277
125|277
178|277
195|277
202|277
225|277
265|277
272|277
16|278
53|278
54|278
61|278
72|278
125|278
127|278
173|278
189|278
195|278
223|278
272|278
292|278
4|279
16|279
22|279
53|279
72|279
76|279
93|279
123|279
146|279
172|279
180|279
202|279
269|279
272|279
297|279
300|279
16|280
22|280
28|280
53|280
54|280
75|280
89|280
125|280
141|280
150|280
162|280
167|280
172|280
292|280
293|280
300|280
22|281
28|281
59|281
61|281
75|281
123|281
141|281
172|281
173|281
178|281
234|281
287|281
289|281
22|282
28|282
46|282
54|282
59|282
125|282
146|282
167|282
178|282
189|282
193|282
240|282
269|282
272|282
292|282
293|282
28|283
53|283
75|283
76|283
125|283
127|283
141|283
150|283
172|283
178|283
259|283
269|283
272|283
287|283
300|283
5|284
59|284
61|284
72|284
173|284
234|284
293|284
5|285
61|285
93|285
123|285
141|285
178|285
225|285
289|285
300|285
5|286
16|286
72|286
123|286
127|286
150|286
178|286
193|286
225|286
269|286
289|286
61|287
76|287
195|287
202|287
234|287
259|287
269|287
300|287
25|288
28|288
53|288
54|288
93|288
123|288
146|288
172|288
173|288
178|288
189|288
193|288
234|288
265|288
287|288
289|288
292|288
293|288
297|288
22|289
42|289
46|289
76|289
89|289
127|289
141|289
146|289
167|289
172|289
173|289
189|289
234|289
239|289
248|289
269|289
289|289
22|290
28|290
61|290
125|290
127|290
146|290
150|290
193|290
202|290
265|290
293|290
75|291
89|291
123|291
125|291
146|291
172|291
189|291
223|291
234|291
240|291
265|291
4|292
5|292
15|292
22|292
28|292
53|292
59|292
127|292
172|292
287|292
292|292
293|292
4|293
5|293
6|293
28|293
54|293
76|293
167|293
172|293
180|293
189|293
193|293
292|293
28|294
59|294
72|294
125|294
141|294
150|294
193|294
223|294
259|294
265|294
297|294
5|295
6|295
53|295
75|295
76|295
93|295
223|295
287|295
289|295
300|295
5|296
15|296
16|296
22|296
41|296
72|296
75|296
123|296
125|296
167|296
172|296
178|296
189|296
234|296
240|296
272|296
293|296
6|297
28|297
46|297
53|297
54|297
76|297
93|297
162|297
180|297
225|297
240|297
265|297
289|297
292|297
16|298
53|298
72|298
125|298
127|298
141|298
150|298
172|298
173|298
223|298
234|298
269|298
292|298
6|299
28|299
53|299
59|299
61|299
123|299
173|299
189|299
195|299
248|299
269|299
5|300
6|300
15|300
54|300
75|300
141|300
162|300
167|300
172|300
223|300
240|300
269|300
293|300
300|300
4|301
28|301
42|301
46|301
53|301
72|301
76|301
89|301
127|301
193|301
223|301
259|301
269|301
300|301
41|302
75|302
76|302
150|302
162|302
172|302
180|302
193|302
202|302
223|302
240|302
272|302
5|303
16|303
22|303
28|303
42|303
46|303
59|303
125|303
150|303
172|303
180|303
193|303
225|303
265|303
272|303
293|303
5|304
42|304
127|304
141|304
167|304
178|304
193|304
269|304
15|305
76|305
89|305
125|305
127|305
167|305
173|305
178|305
259|305
265|305
297|305
4|306
28|306
46|306
53|306
59|306
76|306
89|306
123|306
125|306
178|306
180|306
193|306
225|306
234|306
240|306
259|306
292|306
293|306
300|306
28|307
46|307
61|307
76|307
123|307
146|307
172|307
173|307
189|307
272|307
287|307
6|308
8|308
42|308
59|308
72|308
82|308
115|308
125|308
174|308
195|308
223|308
234|308
239|308
248|308
269|308
272|308
289|308
293|308
4|309
46|309
59|309
61|309
146|309
173|309
180|309
223|309
259|309
289|309
292|309
297|309
300|309
46|310
76|310
127|310
141|310
172|310
223|310
259|310
272|310
287|310
292|310
6|311
16|311
54|311
61|311
75|311
76|311
123|311
127|311
141|311
150|311
172|311
195|311
240|311
272|311
300|311
53|312
72|312
75|312
146|312
150|312
193|312
240|312
259|312
265|312
272|312
287|312
4|313
16|313
61|313
76|313
146|313
150|313
173|313
178|313
189|313
202|313
239|313
265|313
269|313
289|313
293|313
4|314
6|314
16|314
22|314
72|314
89|314
127|314
150|314
193|314
225|314
269|314
293|314
4|315
28|315
42|315
59|315
72|315
76|315
89|315
127|315
172|315
178|315
180|315
223|315
289|315
293|315
300|315
15|316
59|316
61|316
123|316
150|316
265|316
287|316
5|317
22|317
53|317
54|317
59|317
75|317
127|317
167|317
223|317
265|317
272|317
292|317
293|317
6|318
46|318
76|318
89|318
93|318
150|318
180|318
189|318
269|318
292|318
293|318
4|319
5|319
28|319
53|319
72|319
75|319
172|319
178|319
287|319
292|319
28|320
41|320
61|320
76|320
89|320
93|320
125|320
127|320
167|320
178|320
180|320
223|320
234|320
240|320
265|320
287|320
289|320
293|320
54|321
123|321
162|321
173|321
180|321
189|321
193|321
234|321
240|321
269|321
287|321
293|321
300|321
4|322
5|322
15|322
16|322
22|322
61|322
76|322
89|322
146|322
195|322
223|322
240|322
259|322
265|322
269|322
300|322
4|323
6|323
15|323
16|323
22|323
53|323
61|323
89|323
123|323
125|323
167|323
202|323
234|323
265|323
269|323
287|323
293|323
15|324
28|324
53|324
54|324
61|324
76|324
89|324
141|324
150|324
162|324
167|324
172|324
178|324
193|324
234|324
240|324
259|324
272|324
289|324
22|325
46|325
54|325
61|325
75|325
89|325
141|325
162|325
180|325
234|325
287|325
289|325
293|325
16|326
46|326
61|326
75|326
125|326
141|326
162|326
172|326
180|326
193|326
223|326
225|326
272|326
289|326
293|326
22|327
76|327
141|327
146|327
167|327
189|327
234|327
240|327
269|327
300|327
5|328
6|328
22|328
53|328
127|328
167|328
193|328
225|328
259|328
272|328
289|328
300|328
16|329
28|329
76|329
123|329
146|329
167|329
172|329
180|329
223|329
265|329
269|329
272|329
293|329
5|330
28|330
46|330
53|330
59|330
72|330
127|330
146|330
178|330
189|330
223|330
240|330
269|330
272|330
292|330
16|331
28|331
75|331
125|331
180|331
189|331
193|331
234|331
272|331
293|331
16|332
54|332
123|332
141|332
180|332
195|332
223|332
234|332
259|332
265|332
272|332
287|332
293|332
16|333
28|333
41|333
89|333
141|333
234|333
240|333
293|333
300|333
25|334
75|334
76|334
93|334
123|334
150|334
167|334
173|334
178|334
223|334
240|334
269|334
272|334
287|334
297|334
9|335
58|335
63|335
66|335
81|335
111|335
116|335
154|335
158|335
166|335
188|335
196|335
212|335
219|335
229|335
233|335
236|335
7|336
55|336
62|336
63|336
65|336
117|336
119|336
122|336
130|336
158|336
201|336
209|336
230|336
264|336
267|336
275|336
9|337
32|337
81|337
101|337
109|337
111|337
116|337
158|337
186|337
209|337
217|337
221|337
230|337
233|337
262|337
275|337
56|338
63|338
84|338
109|338
130|338
186|338
196|338
217|338
218|338
219|338
220|338
229|338
9|339
45|339
56|339
80|339
84|339
111|339
130|339
138|339
177|339
205|339
206|339
217|339
218|339
220|339
229|339
233|339
244|339
253|339
9|340
63|340
66|340
80|340
81|340
109|340
116|340
128|340
175|340
186|340
209|340
219|340
220|340
221|340
222|340
224|340
230|340
233|340
235|340
244|340
260|340
262|340
264|340
275|340
294|340
50|341
56|341
58|341
63|341
65|341
130|341
158|341
166|341
177|341
188|341
205|341
210|341
218|341
221|341
236|341
244|341
262|341
275|341
50|342
62|342
111|342
116|342
128|342
130|342
148|342
154|342
161|342
201|342
209|342
220|342
233|342
262|342
32|343
55|343
56|343
62|343
65|343
81|343
109|343
128|343
154|343
161|343
186|343
219|343
233|343
262|343
294|343
7|344
55|344
65|344
109|344
128|344
130|344
206|344
209|344
210|344
212|344
220|344
221|344
224|344
230|344
244|344
262|344
264|344
275|344
294|344
50|345
58|345
62|345
109|345
196|345
201|345
210|345
219|345
220|345
221|345
222|345
229|345
230|345
236|345
260|345
262|345
264|345
7|346
9|346
32|346
58|346
81|346
116|346
117|346
130|346
158|346
204|346
219|346
221|346
230|346
262|346
267|346
9|347
45|347
63|347
65|347
116|347
130|347
148|347
154|347
158|347
201|347
209|347
210|347
217|347
236|347
264|347
62|348
101|348
117|348
138|348
186|348
201|348
209|348
210|348
219|348
220|348
221|348
230|348
233|348
236|348
294|348
7|349
50|349
58|349
62|349
63|349
65|349
111|349
128|349
138|349
158|349
186|349
218|349
220|349
233|349
264|349
55|350
58|350
63|350
80|350
81|350
109|350
138|350
175|350
188|350
196|350
199|350
206|350
219|350
221|350
260|350
264|350
267|350
294|350
62|351
101|351
109|351
111|351
116|351
154|351
175|351
199|351
212|351
217|351
224|351
233|351
236|351
275|351
65|352
81|352
84|352
128|352
154|352
161|352
175|352
188|352
201|352
210|352
230|352
233|352
244|352
267|352
275|352
294|352
50|353
55|353
56|353
62|353
63|353
65|353
74|353
84|353
128|353
130|353
138|353
154|353
158|353
177|353
186|353
212|353
219|353
220|353
230|353
233|353
244|353
262|353
264|353
7|354
63|354
111|354
154|354
158|354
188|354
196|354
199|354
201|354
210|354
220|354
233|354
236|354
267|354
275|354
32|355
50|355
58|355
80|355
111|355
188|355
210|355
212|355
219|355
220|355
221|355
264|355
275|355
7|356
32|356
50|356
58|356
65|356
116|356
117|356
130|356
161|356
201|356
204|356
212|356
217|356
233|356
264|356
32|357
63|357
116|357
186|357
188|357
210|357
294|357
7|358
9|358
32|358
50|358
62|358
81|358
84|358
128|358
186|358
188|358
206|358
209|358
212|358
221|358
235|358
275|358
294|358
7|359
9|359
50|359
62|359
81|359
84|359
111|359
128|359
138|359
154|359
175|359
186|359
221|359
230|359
233|359
236|359
262|359
267|359
7|360
9|360
58|360
138|360
196|360
201|360
206|360
220|360
233|360
244|360
262|360
264|360
55|361
109|361
117|361
128|361
154|361
158|361
186|361
201|361
212|361
217|361
220|361
224|361
233|361
236|361
262|361
267|361
50|362
63|362
74|362
111|362
116|362
138|362
206|362
217|362
219|362
220|362
221|362
230|362
233|362
244|362
260|362
267|362
275|362
9|363
55|363
109|363
119|363
138|363
158|363
161|363
175|363
221|363
262|363
294|363
9|364
32|364
45|364
84|364
109|364
196|364
199|364
201|364
212|364
218|364
262|364
279|364
56|365
62|365
81|365
111|365
117|365
130|365
158|365
186|365
196|365
206|365
210|365
218|365
233|365
236|365
244|365
264|365
275|365
7|366
9|366
32|366
50|366
111|366
117|366
158|366
161|366
186|366
199|366
206|366
219|366
233|366
275|366
294|366
9|367
56|367
62|367
130|367
154|367
158|367
161|367
201|367
221|367
233|367
262|367
267|367
7|368
32|368
63|368
74|368
80|368
84|368
111|368
130|368
188|368
199|368
201|368
219|368
229|368
233|368
244|368
260|368
275|368
279|368
7|369
50|369
56|369
58|369
62|369
74|369
109|369
130|369
161|369
166|369
196|369
201|369
210|369
217|369
221|369
264|369
267|369
56|370
122|370
161|370
183|370
196|370
199|370
201|370
210|370
217|370
220|370
264|370
9|371
50|371
58|371
66|371
80|371
81|371
84|371
109|371
111|371
116|371
206|371
209|371
221|371
233|371
260|371
264|371
294|371
32|372
58|372
81|372
158|372
166|372
186|372
196|372
199|372
201|372
205|372
210|372
212|372
220|372
260|372
264|372
32|373
56|373
58|373
62|373
63|373
80|373
130|373
138|373
154|373
158|373
210|373
233|373
244|373
267|373
275|373
7|374
32|374
55|374
62|374
63|374
65|374
81|374
158|374
186|374
196|374
206|374
219|374
220|374
262|374
267|374
102|375
109|375
130|375
186|375
205|375
217|375
218|375
219|375
220|375
229|375
236|375
260|375
262|375
267|375
294|375
9|376
111|376
116|376
130|376
175|376
209|376
219|376
221|376
267|376
9|377
50|377
65|377
84|377
101|377
116|377
128|377
138|377
154|377
206|377
219|377
221|377
63|378
65|378
81|378
84|378
101|378
109|378
116|378
128|378
154|378
158|378
186|378
201|378
210|378
212|378
219|378
230|378
236|378
9|379
32|379
55|379
62|379
63|379
66|379
116|379
188|379
206|379
210|379
218|379
219|379
56|380
84|380
111|380
128|380
130|380
158|380
161|380
188|380
201|380
206|380
210|380
220|380
221|380
236|380
7|381
45|381
50|381
56|381
58|381
81|381
109|381
130|381
138|381
148|381
196|381
201|381
206|381
209|381
217|381
224|381
230|381
236|381
264|381
275|381
55|382
56|382
80|382
111|382
186|382
201|382
209|382
217|382
220|382
221|382
262|382
275|382
32|383
50|383
58|383
128|383
138|383
148|383
154|383
161|383
201|383
206|383
210|383
212|383
32|384
50|384
58|384
62|384
116|384
128|384
186|384
188|384
196|384
217|384
219|384
220|384
262|384
275|384
294|384
7|385
9|385
55|385
101|385
119|385
206|385
212|385
217|385
220|385
224|385
230|385
264|385
267|385
7|386
32|386
50|386
55|386
56|386
65|386
81|386
111|386
128|386
158|386
161|386
186|386
196|386
206|386
210|386
221|386
262|386
50|387
63|387
65|387
80|387
109|387
111|387
116|387
130|387
175|387
188|387
212|387
221|387
222|387
230|387
235|387
236|387
264|387
279|387
294|387
7|388
9|388
32|388
50|388
55|388
58|388
63|388
84|388
101|388
138|388
158|388
175|388
188|388
206|388
209|388
221|388
233|388
264|388
294|388
7|389
56|389
63|389
65|389
84|389
109|389
116|389
128|389
138|389
158|389
186|389
209|389
212|389
218|389
219|389
229|389
244|389
260|389
275|389
7|390
9|390
50|390
62|390
81|390
175|390
186|390
209|390
210|390
212|390
230|390
233|390
262|390
264|390
267|390
32|391
62|391
66|391
74|391
128|391
130|391
199|391
201|391
220|391
221|391
233|391
294|391
7|392
32|392
45|392
55|392
58|392
62|392
65|392
81|392
84|392
111|392
117|392
154|392
158|392
161|392
209|392
212|392
217|392
219|392
230|392
244|392
262|392
7|393
32|393
62|393
63|393
101|393
111|393
175|393
186|393
196|393
212|393
235|393
264|393
279|393
