-0.1631171 0.1291882 -0.1016457 0.04172098 0.02664834 -0.02991565 -0.04447591
0.3101712 1.946221 2.339207 -0.680056 0.4277712 0.3888449 0.1674897
-0.1787678 0.1558792 -0.1527316 0.05729016 0.002615896 -0.03681573 -0.09690448
-0.4794961 -0.6462035 0.405498 -0.06854415 0.006331879 0.03000589 0.02278056
2.955482 -0.469333 1.067286 0.4441221 -1.177563 -0.7799925 -0.1754538
-0.3206668 -1.492299 1.043292 -0.1241049 -0.04395281 -0.01837539 0.1320081
0.2690952 -0.02753658 -0.1566243 0.1738108 0.2348031 0.1129221 0.02232490
0.03916039 0.09659705 0.05994134 0.008319724 -0.2088077 -0.1287131 -0.1299524
0.8951917 -0.2630053 -0.2493321 0.1790742 0.579215 0.3089054 0.2059429
-0.1930201 0.1845211 -0.1764595 0.1039761 -0.03510777 -0.3530135 0.4076876
-0.2925597 -0.2325072 0.1327547 5.820022e-05 -0.005306637 -0.01984116 -0.01870684
-0.1095443 0.1284664 -0.2628846 -0.3460854 -0.07651653 -0.05017321 -0.1087855
