1
3
7
1
3
1
1
1
12
1
3
1
12
3
1
12
1
1
1
1
10
1
12
3
7
1
1
7
9
1
1
3
1
3
4
1
1
1
12
1
12
1
1
1
1
8
1
12
1
12
1
12
1
1
1
1
1
1
1
7
1
1
11
3
1
11
3
1
4
1
12
1
12
8
1
1
3
11
1
12
7
1
3
1
1
1
12
3
7
1
1
12
1
1
1
7
1
1
1
1
4
1
3
1
9
1
1
3
3
12
11
12
1
1
1
3
1
5
1
3
1
1
12
1
1
1
1
1
1
1
11
1
6
12
3
1
3
7
3
12
1
1
1
10
1
1
1
4
3
1
3
3
8
1
1
3
1
1
12
1
3
1
3
10
1
11
3
1
3
1
1
7
1
1
7
12
1
1
1
1
1
1
1
11
1
10
9
3
1
6
1
1
3
1
3
1
3
3
1
8
1
1
1
1
1
1
11
1
3
12
1
1
1
1
1
12
1
1
1
1
1
3
12
1
1
1
1
1
9
1
7
1
1
3
1
1
1
3
1
12
3
3
1
1
1
3
3
1
1
1
3
10
3
8
12
12
1
1
1
1
1
1
3
1
1
7
1
7
8
1
7
12
1
1
1
1
1
3
1
6
1
7
1
1
7
1
12
1
1
3
7
12
12
9
1
11
1
1
3
2
1
1
1
11
3
1
11
1
1
7
3
1
1
1
1
1
1
1
8
1
1
1
11
1
1
7
3
1
1
3
1
1
1
1
11
1
3
1
1
1
7
3
1
1
1
1
1
8
11
1
3
1
1
1
3
1
8
7
1
1
1
1
1
10
3
1
12
1
1
1
3
1
1
1
1
1
1
7
1
11
3
10
1
3
8
1
1
4
1
1
1
1
1
1
1
1
1
1
1
12
12
7
1
12
3
11
3
1
1
9
12
12
3
1
1
10
1
1
1
1
1
1
1
12
9
1
1
8
6
1
7
1
1
12
1
3
7
12
1
1
7
3
7
1
3
3
1
1
8
1
1
1
1
12
1
9
11
9
7
1
3
1
1
3
1
3
1
1
1
8
1
1
3
1
7
3
3
3
8
1
1
3
9
3
1
1
12
9
3
1
1
1
3
12
11
1
1
4
3
1
1
7
1
1
1
3
1
8
1
1
1
1
12
1
1
9
1
3
10
1
1
1
1
1
1
1
10
1
1
11
1
1
1
1
1
1
12
12
1
1
1
1
1
8
1
1
1
1
8
12
1
12
1
1
1
11
12
3
7
12
1
1
1
9
1
1
1
1
4
1
1
1
3
1
1
1
1
1
11
1
9
1
7
1
1
1
1
1
1
12
1
7
11
8
1
3
8
8
1
3
1
