-0.1595773 0.1250234 -0.1150828 0.04674864 0.02149925 -0.03345581 -0.04443153
-0.1789012 0.1494434 -0.1387466 0.05920173 0.02945908 -0.04652961 -0.06314383
0.2686238 -0.03662868 -0.1383549 0.2017427 0.3046374 0.1095525 0.1001195
-0.1595773 0.1250234 -0.1150828 0.04674864 0.02149925 -0.03345581 -0.04443153
-0.1789012 0.1494434 -0.1387466 0.05920173 0.02945908 -0.04652961 -0.06314383
-0.1595773 0.1250234 -0.1150828 0.04674864 0.02149925 -0.03345581 -0.04443153
-0.1682250 0.1527629 -0.1064057 0.04344863 0.03617752 -0.02931892 -0.04856179
-0.1514734 0.3117756 0.09307498 -0.02807631 0.09396934 0.02530951 -0.02374449
-0.1243104 0.1283657 -0.2395939 -0.3019301 -0.06008198 -0.0503835 -0.09304001
-0.1595773 0.1250234 -0.1150828 0.04674864 0.02149925 -0.03345581 -0.04443153
-0.1773790 0.1510826 -0.1530144 0.01296344 0.01478436 -0.05148124 -0.07616952
-0.1666742 0.1364444 -0.1374194 0.01126067 0.01211427 -0.04169111 -0.06061546
-0.1243104 0.1283657 -0.2395939 -0.3019301 -0.06008198 -0.0503835 -0.09304001
-0.21861 0.2113725 -0.2006273 0.0985999 0.06625327 -0.1124357 -0.1714577
-0.1698619 0.1385549 -0.1282705 0.05393195 0.02638329 -0.04158011 -0.05628337
-0.1314074 0.1397867 -0.2619305 -0.3374181 -0.06946695 -0.0586188 -0.1092239
-0.1595773 0.1250234 -0.1150828 0.04674864 0.02149925 -0.03345581 -0.04443153
-0.1699022 0.1386995 -0.1284278 0.05408203 0.0265977 -0.04198479 -0.0569887
-0.1595773 0.1250234 -0.1150828 0.04674864 0.02149925 -0.03345581 -0.04443153
-0.1595773 0.1250234 -0.1150828 0.04674864 0.02149925 -0.03345581 -0.04443153
-0.1734343 0.1488855 -0.1394313 0.06538878 0.0749887 -0.3169910 0.1325245
-0.1595773 0.1250234 -0.1150828 0.04674864 0.02149925 -0.03345581 -0.04443153
-0.1243104 0.1283657 -0.2395939 -0.3019301 -0.06008198 -0.0503835 -0.09304001
-0.2035500 0.1857187 -0.1746611 0.08069854 0.04677809 -0.07637546 -0.1090848
0.1997701 0.006428307 -0.1162354 0.2641989 0.1285550 0.08592191 -0.0874976
-0.1595773 0.1250234 -0.1150828 0.04674864 0.02149925 -0.03345581 -0.04443153
-0.2435351 0.009365219 -0.04702764 0.0400321 0.03690945 -0.03495688 -0.05801218
0.3572511 -0.06852128 -0.261455 -0.09642139 0.3308651 0.1536404 0.1224797
0.7661579 -0.2245749 -0.2624310 0.06871385 0.5693034 0.2750639 0.2488826
-0.1595773 0.1250234 -0.1150828 0.04674864 0.02149925 -0.03345581 -0.04443153
-0.1595773 0.1250234 -0.1150828 0.04674864 0.02149925 -0.03345581 -0.04443153
-0.2027526 0.1837346 -0.1725788 0.07901246 0.04472453 -0.07257112 -0.1025929
-0.1428257 0.2840361 0.08439786 -0.02477630 0.07929106 0.02117261 -0.01961424
-0.1789012 0.1494434 -0.1387466 0.05920173 0.02945908 -0.04652961 -0.06314383
-0.4094926 -0.4489938 0.2672246 -0.04134742 0.02959773 0.02488257 0.005631091
-0.1821825 0.4219276 0.1280906 -0.04276941 0.1725216 0.04833444 -0.04815532
-0.1595773 0.1250234 -0.1150828 0.04674864 0.02149925 -0.03345581 -0.04443153
-0.1899758 0.05535139 -0.06892203 0.03476981 0.02815561 -0.01904785 -0.03334278
-0.1243104 0.1283657 -0.2395939 -0.3019301 -0.06008198 -0.0503835 -0.09304001
-0.1595773 0.1250234 -0.1150828 0.04674864 0.02149925 -0.03345581 -0.04443153
-0.1243104 0.1283657 -0.2395939 -0.3019301 -0.06008198 -0.0503835 -0.09304001
-0.1595773 0.1250234 -0.1150828 0.04674864 0.02149925 -0.03345581 -0.04443153
-0.1595773 0.1250234 -0.1150828 0.04674864 0.02149925 -0.03345581 -0.04443153
-0.1595773 0.1250234 -0.1150828 0.04674864 0.02149925 -0.03345581 -0.04443153
-0.1595773 0.1250234 -0.1150828 0.04674864 0.02149925 -0.03345581 -0.04443153
-0.00946534 0.05958216 -0.001442790 0.09891964 -0.1652416 -0.167007 -0.0802763
-0.1595773 0.1250234 -0.1150828 0.04674864 0.02149925 -0.03345581 -0.04443153
-0.1243104 0.1283657 -0.2395939 -0.3019301 -0.06008198 -0.0503835 -0.09304001
-0.1601212 0.3395151 0.1017521 -0.03137632 0.1086476 0.02944641 -0.02787475
-0.1243104 0.1283657 -0.2395939 -0.3019301 -0.06008198 -0.0503835 -0.09304001
-0.1595773 0.1250234 -0.1150828 0.04674864 0.02149925 -0.03345581 -0.04443153
-0.1243104 0.1283657 -0.2395939 -0.3019301 -0.06008198 -0.0503835 -0.09304001
-0.1595773 0.1250234 -0.1150828 0.04674864 0.02149925 -0.03345581 -0.04443153
-0.1428257 0.2840361 0.08439786 -0.02477630 0.07929106 0.02117261 -0.01961424
-0.1595773 0.1250234 -0.1150828 0.04674864 0.02149925 -0.03345581 -0.04443153
-0.1595773 0.1250234 -0.1150828 0.04674864 0.02149925 -0.03345581 -0.04443153
-0.1595773 0.1250234 -0.1150828 0.04674864 0.02149925 -0.03345581 -0.04443153
-0.1595773 0.1250234 -0.1150828 0.04674864 0.02149925 -0.03345581 -0.04443153
-0.1707096 0.1386377 -0.1287301 0.0545789 0.02751608 -0.04277269 -0.05857625
0.3379569 -0.06292286 -0.2391589 -0.08628026 0.2861652 0.1320556 0.1043316
-0.1595773 0.1250234 -0.1150828 0.04674864 0.02149925 -0.03345581 -0.04443153
-0.1595773 0.1250234 -0.1150828 0.04674864 0.02149925 -0.03345581 -0.04443153
-0.3252158 -0.2709300 0.1504059 -0.01590644 0.02565659 0.01046981 -0.004721362
-0.1773790 0.1510826 -0.1530144 0.01296344 0.01478436 -0.05148124 -0.07616952
-0.1595773 0.1250234 -0.1150828 0.04674864 0.02149925 -0.03345581 -0.04443153
-0.3261221 -0.2661876 0.1516717 -0.0002535549 -0.01793945 -0.03707305 -0.03061462
-0.1773790 0.1510826 -0.1530144 0.01296344 0.01478436 -0.05148124 -0.07616952
-0.1666742 0.1364444 -0.1374194 0.01126067 0.01211427 -0.04169111 -0.06061546
-0.4917606 -0.662141 0.4171604 -0.06290863 -0.0137821 0.006852573 0.00909555
-0.1595773 0.1250234 -0.1150828 0.04674864 0.02149925 -0.03345581 -0.04443153
0.9265206 -0.2533039 -0.9206214 -2.642089 -0.467595 0.006536494 -0.09405243
-0.1595773 0.1250234 -0.1150828 0.04674864 0.02149925 -0.03345581 -0.04443153
-0.1243104 0.1283657 -0.2395939 -0.3019301 -0.06008198 -0.0503835 -0.09304001
0.05007943 0.06598156 -0.1025757 -0.1844227 -0.2007614 -0.1421179 -0.08436482
-0.1595773 0.1250234 -0.1150828 0.04674864 0.02149925 -0.03345581 -0.04443153
-0.1595773 0.1250234 -0.1150828 0.04674864 0.02149925 -0.03345581 -0.04443153
-0.1773790 0.1510826 -0.1530144 0.01296344 0.01478436 -0.05148124 -0.07616952
-0.3252158 -0.2709300 0.1504059 -0.01590644 0.02565659 0.01046981 -0.004721362
-0.1595773 0.1250234 -0.1150828 0.04674864 0.02149925 -0.03345581 -0.04443153
-0.1243104 0.1283657 -0.2395939 -0.3019301 -0.06008198 -0.0503835 -0.09304001
0.2686238 -0.03662868 -0.1383549 0.2017427 0.3046374 0.1095525 0.1001195
-0.1595773 0.1250234 -0.1150828 0.04674864 0.02149925 -0.03345581 -0.04443153
-0.2061271 0.1666316 -0.1600351 0.07444982 0.04453621 -0.06631751 -0.09546147
-0.1595773 0.1250234 -0.1150828 0.04674864 0.02149925 -0.03345581 -0.04443153
-0.1595773 0.1250234 -0.1150828 0.04674864 0.02149925 -0.03345581 -0.04443153
-0.1595773 0.1250234 -0.1150828 0.04674864 0.02149925 -0.03345581 -0.04443153
-0.1243104 0.1283657 -0.2395939 -0.3019301 -0.06008198 -0.0503835 -0.09304001
-0.2027526 0.1837346 -0.1725788 0.07901246 0.04472453 -0.07257112 -0.1025929
0.1997701 0.006428307 -0.1162354 0.2641989 0.1285550 0.08592191 -0.0874976
-0.1595773 0.1250234 -0.1150828 0.04674864 0.02149925 -0.03345581 -0.04443153
-0.1595773 0.1250234 -0.1150828 0.04674864 0.02149925 -0.03345581 -0.04443153
-0.1228028 0.1247053 -0.2333976 -0.2927035 -0.05710159 -0.04525245 -0.08294887
-0.1694164 0.1594962 -0.1041596 0.04225036 0.04480689 -0.02666535 -0.0515668
-0.1595773 0.1250234 -0.1150828 0.04674864 0.02149925 -0.03345581 -0.04443153
-0.1428257 0.2840361 0.08439786 -0.02477630 0.07929106 0.02117261 -0.01961424
0.2686238 -0.03662868 -0.1383549 0.2017427 0.3046374 0.1095525 0.1001195
-0.1595773 0.1250234 -0.1150828 0.04674864 0.02149925 -0.03345581 -0.04443153
-0.1595773 0.1250234 -0.1150828 0.04674864 0.02149925 -0.03345581 -0.04443153
-0.1595773 0.1250234 -0.1150828 0.04674864 0.02149925 -0.03345581 -0.04443153
-0.1595773 0.1250234 -0.1150828 0.04674864 0.02149925 -0.03345581 -0.04443153
-0.4260507 -0.5081826 0.3143637 -0.03933725 -0.01371561 -0.005848867 -0.002078165
-0.1595773 0.1250234 -0.1150828 0.04674864 0.02149925 -0.03345581 -0.04443153
-0.1911773 0.1673873 -0.1564898 0.06972557 0.03773843 -0.0607092 -0.08474728
-0.1666742 0.1364444 -0.1374194 0.01126067 0.01211427 -0.04169111 -0.06061546
0.7661579 -0.2245749 -0.2624310 0.06871385 0.5693034 0.2750639 0.2488826
-0.1595773 0.1250234 -0.1150828 0.04674864 0.02149925 -0.03345581 -0.04443153
-0.1595773 0.1250234 -0.1150828 0.04674864 0.02149925 -0.03345581 -0.04443153
-0.1773790 0.1510826 -0.1530144 0.01296344 0.01478436 -0.05148124 -0.07616952
-0.1773790 0.1510826 -0.1530144 0.01296344 0.01478436 -0.05148124 -0.07616952
-0.1243104 0.1283657 -0.2395939 -0.3019301 -0.06008198 -0.0503835 -0.09304001
-0.1760102 -0.3316288 0.2653117 0.05191745 -0.2046803 -0.1706242 -0.06645939
-0.1421122 0.1544249 -0.2775255 -0.3357153 -0.06679686 -0.06840893 -0.124778
-0.1595773 0.1250234 -0.1150828 0.04674864 0.02149925 -0.03345581 -0.04443153
-0.1595773 0.1250234 -0.1150828 0.04674864 0.02149925 -0.03345581 -0.04443153
-0.1595773 0.1250234 -0.1150828 0.04674864 0.02149925 -0.03345581 -0.04443153
-0.1808524 0.1537112 -0.1431448 0.06239217 0.03263998 -0.05218023 -0.0721901
-0.1595773 0.1250234 -0.1150828 0.04674864 0.02149925 -0.03345581 -0.04443153
2.955482 -0.469333 1.067286 0.4441221 -1.177563 -0.7799925 -0.1754538
-0.1595773 0.1250234 -0.1150828 0.04674864 0.02149925 -0.03345581 -0.04443153
-0.1773790 0.1510826 -0.1530144 0.01296344 0.01478436 -0.05148124 -0.07616952
-0.1595773 0.1250234 -0.1150828 0.04674864 0.02149925 -0.03345581 -0.04443153
-0.1595773 0.1250234 -0.1150828 0.04674864 0.02149925 -0.03345581 -0.04443153
-0.1243104 0.1283657 -0.2395939 -0.3019301 -0.06008198 -0.0503835 -0.09304001
-0.1697039 0.1384656 -0.1293479 0.04827232 0.02380860 -0.04187053 -0.05768091
-0.1595773 0.1250234 -0.1150828 0.04674864 0.02149925 -0.03345581 -0.04443153
-0.1595773 0.1250234 -0.1150828 0.04674864 0.02149925 -0.03345581 -0.04443153
-0.1595773 0.1250234 -0.1150828 0.04674864 0.02149925 -0.03345581 -0.04443153
-0.1595773 0.1250234 -0.1150828 0.04674864 0.02149925 -0.03345581 -0.04443153
-0.1692392 0.1372334 -0.1269147 0.05297519 0.02547916 -0.03999271 -0.05378768
-0.1666742 0.1364444 -0.1374194 0.01126067 0.01211427 -0.04169111 -0.06061546
-0.3261221 -0.2661876 0.1516717 -0.0002535549 -0.01793945 -0.03707305 -0.03061462
-0.1595773 0.1250234 -0.1150828 0.04674864 0.02149925 -0.03345581 -0.04443153
0.8474316 -1.886599 1.435167 -0.02910447 0.05358518 -0.1857752 0.3202266
-0.1243104 0.1283657 -0.2395939 -0.3019301 -0.06008198 -0.0503835 -0.09304001
-0.1773790 0.1510826 -0.1530144 0.01296344 0.01478436 -0.05148124 -0.07616952
-0.1595773 0.1250234 -0.1150828 0.04674864 0.02149925 -0.03345581 -0.04443153
-0.1713838 0.1422932 -0.1321917 0.05711889 0.03045005 -0.04925179 -0.06983677
0.1997701 0.006428307 -0.1162354 0.2641989 0.1285550 0.08592191 -0.0874976
-0.1911773 0.1673873 -0.1564898 0.06972557 0.03773843 -0.0607092 -0.08474728
-0.1243104 0.1283657 -0.2395939 -0.3019301 -0.06008198 -0.0503835 -0.09304001
-0.1595773 0.1250234 -0.1150828 0.04674864 0.02149925 -0.03345581 -0.04443153
-0.1595773 0.1250234 -0.1150828 0.04674864 0.02149925 -0.03345581 -0.04443153
-0.2217384 -0.01635610 -0.02105226 0.02565638 0.02144174 -0.02253879 -0.03491344
-0.2758655 0.3485378 -0.3504351 0.3322381 -1.351797 1.032120 1.834272
-0.1595773 0.1250234 -0.1150828 0.04674864 0.02149925 -0.03345581 -0.04443153
-0.1595773 0.1250234 -0.1150828 0.04674864 0.02149925 -0.03345581 -0.04443153
-0.1595773 0.1250234 -0.1150828 0.04674864 0.02149925 -0.03345581 -0.04443153
-0.5628603 -0.8527439 0.5413033 -0.1138942 0.04926997 0.1025558 0.07483695
-0.1732856 0.1489361 -0.1397483 0.07173069 -0.03086002 -0.01815208 -0.1355539
-0.1692392 0.1372334 -0.1269147 0.05297519 0.02547916 -0.03999271 -0.05378768
-0.1773790 0.1510826 -0.1530144 0.01296344 0.01478436 -0.05148124 -0.07616952
-0.1789012 0.1494434 -0.1387466 0.05920173 0.02945908 -0.04652961 -0.06314383
0.0001965385 0.1220591 -0.04093197 0.1710638 -0.3078929 -0.2307017 -0.2249042
-0.1595773 0.1250234 -0.1150828 0.04674864 0.02149925 -0.03345581 -0.04443153
-0.1595773 0.1250234 -0.1150828 0.04674864 0.02149925 -0.03345581 -0.04443153
-0.2538245 0.2926771 -0.2892396 0.2375282 -0.3875599 0.1089319 -0.6149768
-0.1595773 0.1250234 -0.1150828 0.04674864 0.02149925 -0.03345581 -0.04443153
-0.1595773 0.1250234 -0.1150828 0.04674864 0.02149925 -0.03345581 -0.04443153
-0.1243104 0.1283657 -0.2395939 -0.3019301 -0.06008198 -0.0503835 -0.09304001
-0.2205276 -0.01267026 -0.02305872 0.02800731 0.01400731 -0.03088116 -0.03956261
-0.1773790 0.1510826 -0.1530144 0.01296344 0.01478436 -0.05148124 -0.07616952
-0.1705274 0.1400351 -0.1297998 0.05505878 0.02754152 -0.04365126 -0.05963293
-0.1904313 0.1656180 -0.1546461 0.06829856 0.03615138 -0.0578287 -0.07998707
-0.1734343 0.1488855 -0.1394313 0.06538878 0.0749887 -0.3169910 0.1325245
-0.1595773 0.1250234 -0.1150828 0.04674864 0.02149925 -0.03345581 -0.04443153
-0.3870724 -0.4038812 0.2436958 -0.01899489 -0.02543138 -0.0344984 -0.02574569
-0.1789012 0.1494434 -0.1387466 0.05920173 0.02945908 -0.04652961 -0.06314383
-0.1595773 0.1250234 -0.1150828 0.04674864 0.02149925 -0.03345581 -0.04443153
-0.1875057 0.1645248 -0.1672795 0.01448713 0.01709372 -0.05989596 -0.0894189
-0.1595773 0.1250234 -0.1150828 0.04674864 0.02149925 -0.03345581 -0.04443153
-0.1595773 0.1250234 -0.1150828 0.04674864 0.02149925 -0.03345581 -0.04443153
0.3379569 -0.06292286 -0.2391589 -0.08628026 0.2861652 0.1320556 0.1043316
-0.1595773 0.1250234 -0.1150828 0.04674864 0.02149925 -0.03345581 -0.04443153
-0.1595773 0.1250234 -0.1150828 0.04674864 0.02149925 -0.03345581 -0.04443153
0.2686238 -0.03662868 -0.1383549 0.2017427 0.3046374 0.1095525 0.1001195
-0.1243104 0.1283657 -0.2395939 -0.3019301 -0.06008198 -0.0503835 -0.09304001
-0.1595773 0.1250234 -0.1150828 0.04674864 0.02149925 -0.03345581 -0.04443153
-0.1595773 0.1250234 -0.1150828 0.04674864 0.02149925 -0.03345581 -0.04443153
-0.1595773 0.1250234 -0.1150828 0.04674864 0.02149925 -0.03345581 -0.04443153
-0.1413411 0.5295867 0.3422508 -0.1219544 0.1878361 0.1054224 0.00739432
-0.2205276 -0.01267026 -0.02305872 0.02800731 0.01400731 -0.03088116 -0.03956261
-0.1595773 0.1250234 -0.1150828 0.04674864 0.02149925 -0.03345581 -0.04443153
-0.1595773 0.1250234 -0.1150828 0.04674864 0.02149925 -0.03345581 -0.04443153
-0.3252158 -0.2709300 0.1504059 -0.01590644 0.02565659 0.01046981 -0.004721362
-0.1595773 0.1250234 -0.1150828 0.04674864 0.02149925 -0.03345581 -0.04443153
-0.1734343 0.1488855 -0.1394313 0.06538878 0.0749887 -0.3169910 0.1325245
1.189761 -0.3737027 -0.2881569 0.319799 0.7820084 0.458914 0.2416175
-0.2221346 0.2959196 -0.3068101 0.3887544 -0.7024694 0.3599236 -0.1606991
-0.1595773 0.1250234 -0.1150828 0.04674864 0.02149925 -0.03345581 -0.04443153
-0.8613666 -1.600949 1.052138 -0.2183746 -0.004289799 0.1255467 0.1198312
-0.1595773 0.1250234 -0.1150828 0.04674864 0.02149925 -0.03345581 -0.04443153
-0.1692392 0.1372334 -0.1269147 0.05297519 0.02547916 -0.03999271 -0.05378768
-0.1808524 0.1537112 -0.1431448 0.06239217 0.03263998 -0.05218023 -0.0721901
-0.1595773 0.1250234 -0.1150828 0.04674864 0.02149925 -0.03345581 -0.04443153
-0.1808524 0.1537112 -0.1431448 0.06239217 0.03263998 -0.05218023 -0.0721901
-0.1595773 0.1250234 -0.1150828 0.04674864 0.02149925 -0.03345581 -0.04443153
-0.1773790 0.1510826 -0.1530144 0.01296344 0.01478436 -0.05148124 -0.07616952
-0.1808524 0.1537112 -0.1431448 0.06239217 0.03263998 -0.05218023 -0.0721901
-0.2217384 -0.01635610 -0.02105226 0.02565638 0.02144174 -0.02253879 -0.03491344
0.002496081 0.1889335 -0.1158937 0.3957335 -0.6447901 -0.1625992 -0.5927318
-0.1697039 0.1384656 -0.1293479 0.04827232 0.02380860 -0.04187053 -0.05768091
-0.1595773 0.1250234 -0.1150828 0.04674864 0.02149925 -0.03345581 -0.04443153
-0.1595773 0.1250234 -0.1150828 0.04674864 0.02149925 -0.03345581 -0.04443153
-0.1705274 0.1400351 -0.1297998 0.05505878 0.02754152 -0.04365126 -0.05963293
-0.1595773 0.1250234 -0.1150828 0.04674864 0.02149925 -0.03345581 -0.04443153
-0.1595773 0.1250234 -0.1150828 0.04674864 0.02149925 -0.03345581 -0.04443153
-0.2364960 -0.07545146 0.02080119 0.01180225 0.02757606 -0.001409925 -0.01558715
-0.1595773 0.1250234 -0.1150828 0.04674864 0.02149925 -0.03345581 -0.04443153
-0.1789012 0.1494434 -0.1387466 0.05920173 0.02945908 -0.04652961 -0.06314383
-0.1243104 0.1283657 -0.2395939 -0.3019301 -0.06008198 -0.0503835 -0.09304001
-0.1595773 0.1250234 -0.1150828 0.04674864 0.02149925 -0.03345581 -0.04443153
-0.1595773 0.1250234 -0.1150828 0.04674864 0.02149925 -0.03345581 -0.04443153
-0.1595773 0.1250234 -0.1150828 0.04674864 0.02149925 -0.03345581 -0.04443153
-0.2060974 -0.005779471 -0.02535956 0.02378108 0.02091969 -0.01581789 -0.02667589
-0.1595773 0.1250234 -0.1150828 0.04674864 0.02149925 -0.03345581 -0.04443153
-0.1243104 0.1283657 -0.2395939 -0.3019301 -0.06008198 -0.0503835 -0.09304001
-0.1705274 0.1400351 -0.1297998 0.05505878 0.02754152 -0.04365126 -0.05963293
-0.1595773 0.1250234 -0.1150828 0.04674864 0.02149925 -0.03345581 -0.04443153
-0.1595773 0.1250234 -0.1150828 0.04674864 0.02149925 -0.03345581 -0.04443153
-0.1705274 0.1400351 -0.1297998 0.05505878 0.02754152 -0.04365126 -0.05963293
-0.1595773 0.1250234 -0.1150828 0.04674864 0.02149925 -0.03345581 -0.04443153
-0.1904313 0.1656180 -0.1546461 0.06829856 0.03615138 -0.0578287 -0.07998707
-0.1243104 0.1283657 -0.2395939 -0.3019301 -0.06008198 -0.0503835 -0.09304001
-0.1595773 0.1250234 -0.1150828 0.04674864 0.02149925 -0.03345581 -0.04443153
-0.1595773 0.1250234 -0.1150828 0.04674864 0.02149925 -0.03345581 -0.04443153
-0.1595773 0.1250234 -0.1150828 0.04674864 0.02149925 -0.03345581 -0.04443153
-0.1595773 0.1250234 -0.1150828 0.04674864 0.02149925 -0.03345581 -0.04443153
-0.1595773 0.1250234 -0.1150828 0.04674864 0.02149925 -0.03345581 -0.04443153
1.125505 -0.34317 -0.2635837 0.2861641 0.6763592 0.3944416 0.2058166
-0.1595773 0.1250234 -0.1150828 0.04674864 0.02149925 -0.03345581 -0.04443153
0.2686238 -0.03662868 -0.1383549 0.2017427 0.3046374 0.1095525 0.1001195
-0.1595773 0.1250234 -0.1150828 0.04674864 0.02149925 -0.03345581 -0.04443153
-0.1595773 0.1250234 -0.1150828 0.04674864 0.02149925 -0.03345581 -0.04443153
-0.1789012 0.1494434 -0.1387466 0.05920173 0.02945908 -0.04652961 -0.06314383
-0.1595773 0.1250234 -0.1150828 0.04674864 0.02149925 -0.03345581 -0.04443153
-0.1595773 0.1250234 -0.1150828 0.04674864 0.02149925 -0.03345581 -0.04443153
-0.1595773 0.1250234 -0.1150828 0.04674864 0.02149925 -0.03345581 -0.04443153
-0.1773790 0.1510826 -0.1530144 0.01296344 0.01478436 -0.05148124 -0.07616952
-0.1595773 0.1250234 -0.1150828 0.04674864 0.02149925 -0.03345581 -0.04443153
-0.1243104 0.1283657 -0.2395939 -0.3019301 -0.06008198 -0.0503835 -0.09304001
-0.1773790 0.1510826 -0.1530144 0.01296344 0.01478436 -0.05148124 -0.07616952
-0.1838623 0.1394029 -0.1327405 0.05878928 0.03250254 -0.04768375 -0.06717203
-0.1595773 0.1250234 -0.1150828 0.04674864 0.02149925 -0.03345581 -0.04443153
-0.1595773 0.1250234 -0.1150828 0.04674864 0.02149925 -0.03345581 -0.04443153
-0.1595773 0.1250234 -0.1150828 0.04674864 0.02149925 -0.03345581 -0.04443153
-0.1456746 0.1313833 -0.137722 0.1236588 -0.0007576305 0.02020050 -0.1582937
-0.1789012 0.1494434 -0.1387466 0.05920173 0.02945908 -0.04652961 -0.06314383
-0.1595773 0.1250234 -0.1150828 0.04674864 0.02149925 -0.03345581 -0.04443153
-0.1595773 0.1250234 -0.1150828 0.04674864 0.02149925 -0.03345581 -0.04443153
-0.1595773 0.1250234 -0.1150828 0.04674864 0.02149925 -0.03345581 -0.04443153
-0.1456746 0.1313833 -0.137722 0.1236588 -0.0007576305 0.02020050 -0.1582937
-0.2565763 0.2920582 -0.2855222 0.1772296 0.3959255 -2.018202 1.194261
-0.1789012 0.1494434 -0.1387466 0.05920173 0.02945908 -0.04652961 -0.06314383
0.01679203 0.24569 0.1754129 0.02193428 -0.07979753 -0.08840775 -0.04561158
-0.1243104 0.1283657 -0.2395939 -0.3019301 -0.06008198 -0.0503835 -0.09304001
-0.1243104 0.1283657 -0.2395939 -0.3019301 -0.06008198 -0.0503835 -0.09304001
-0.1595773 0.1250234 -0.1150828 0.04674864 0.02149925 -0.03345581 -0.04443153
-0.1595773 0.1250234 -0.1150828 0.04674864 0.02149925 -0.03345581 -0.04443153
-0.1899758 0.05535139 -0.06892203 0.03476981 0.02815561 -0.01904785 -0.03334278
-0.1595773 0.1250234 -0.1150828 0.04674864 0.02149925 -0.03345581 -0.04443153
-0.1595773 0.1250234 -0.1150828 0.04674864 0.02149925 -0.03345581 -0.04443153
-0.1595773 0.1250234 -0.1150828 0.04674864 0.02149925 -0.03345581 -0.04443153
-0.1773790 0.1510826 -0.1530144 0.01296344 0.01478436 -0.05148124 -0.07616952
-0.1595773 0.1250234 -0.1150828 0.04674864 0.02149925 -0.03345581 -0.04443153
-0.1595773 0.1250234 -0.1150828 0.04674864 0.02149925 -0.03345581 -0.04443153
0.1997701 0.006428307 -0.1162354 0.2641989 0.1285550 0.08592191 -0.0874976
-0.1595773 0.1250234 -0.1150828 0.04674864 0.02149925 -0.03345581 -0.04443153
0.2686238 -0.03662868 -0.1383549 0.2017427 0.3046374 0.1095525 0.1001195
0.01679203 0.24569 0.1754129 0.02193428 -0.07979753 -0.08840775 -0.04561158
-0.1595773 0.1250234 -0.1150828 0.04674864 0.02149925 -0.03345581 -0.04443153
0.3379569 -0.06292286 -0.2391589 -0.08628026 0.2861652 0.1320556 0.1043316
-0.1243104 0.1283657 -0.2395939 -0.3019301 -0.06008198 -0.0503835 -0.09304001
-0.1595773 0.1250234 -0.1150828 0.04674864 0.02149925 -0.03345581 -0.04443153
-0.1595773 0.1250234 -0.1150828 0.04674864 0.02149925 -0.03345581 -0.04443153
-0.1595773 0.1250234 -0.1150828 0.04674864 0.02149925 -0.03345581 -0.04443153
-0.1666742 0.1364444 -0.1374194 0.01126067 0.01211427 -0.04169111 -0.06061546
-0.1595773 0.1250234 -0.1150828 0.04674864 0.02149925 -0.03345581 -0.04443153
-0.1456746 0.1313833 -0.137722 0.1236588 -0.0007576305 0.02020050 -0.1582937
-0.1595773 0.1250234 -0.1150828 0.04674864 0.02149925 -0.03345581 -0.04443153
-0.7414833 -1.281407 0.835423 -0.1591969 -0.0300234 0.05282478 0.05860561
-0.1595773 0.1250234 -0.1150828 0.04674864 0.02149925 -0.03345581 -0.04443153
0.2686238 -0.03662868 -0.1383549 0.2017427 0.3046374 0.1095525 0.1001195
-0.1595773 0.1250234 -0.1150828 0.04674864 0.02149925 -0.03345581 -0.04443153
-0.1595773 0.1250234 -0.1150828 0.04674864 0.02149925 -0.03345581 -0.04443153
0.1997701 0.006428307 -0.1162354 0.2641989 0.1285550 0.08592191 -0.0874976
-0.1595773 0.1250234 -0.1150828 0.04674864 0.02149925 -0.03345581 -0.04443153
-0.1243104 0.1283657 -0.2395939 -0.3019301 -0.06008198 -0.0503835 -0.09304001
-0.1595773 0.1250234 -0.1150828 0.04674864 0.02149925 -0.03345581 -0.04443153
-0.1595773 0.1250234 -0.1150828 0.04674864 0.02149925 -0.03345581 -0.04443153
-0.1456746 0.1313833 -0.137722 0.1236588 -0.0007576305 0.02020050 -0.1582937
0.2574212 0.07784225 -0.2654785 0.7312582 -0.1647439 0.3819254 -0.768446
-0.1243104 0.1283657 -0.2395939 -0.3019301 -0.06008198 -0.0503835 -0.09304001
-0.1243104 0.1283657 -0.2395939 -0.3019301 -0.06008198 -0.0503835 -0.09304001
1.125505 -0.34317 -0.2635837 0.2861641 0.6763592 0.3944416 0.2058166
-0.1595773 0.1250234 -0.1150828 0.04674864 0.02149925 -0.03345581 -0.04443153
-0.3261221 -0.2661876 0.1516717 -0.0002535549 -0.01793945 -0.03707305 -0.03061462
-0.1707096 0.1386377 -0.1287301 0.0545789 0.02751608 -0.04277269 -0.05857625
-0.1595773 0.1250234 -0.1150828 0.04674864 0.02149925 -0.03345581 -0.04443153
-0.1773790 0.1510826 -0.1530144 0.01296344 0.01478436 -0.05148124 -0.07616952
0.3101712 1.946221 2.339207 -0.680056 0.4277712 0.3888449 0.1674897
-0.1595773 0.1250234 -0.1150828 0.04674864 0.02149925 -0.03345581 -0.04443153
-0.1666742 0.1364444 -0.1374194 0.01126067 0.01211427 -0.04169111 -0.06061546
-0.1504592 0.3273051 0.113584 -0.03760286 0.1046677 0.03598330 -0.01851860
-0.3261221 -0.2661876 0.1516717 -0.0002535549 -0.01793945 -0.03707305 -0.03061462
-0.1456746 0.1313833 -0.137722 0.1236588 -0.0007576305 0.02020050 -0.1582937
-0.1595773 0.1250234 -0.1150828 0.04674864 0.02149925 -0.03345581 -0.04443153
-0.3717359 -0.4017329 0.2401291 -0.038874 0.02507704 0.02810774 0.01303427
-0.1996228 0.02032817 -0.04384038 0.03000509 0.01744309 -0.02603451 -0.03574781
-0.1595773 0.1250234 -0.1150828 0.04674864 0.02149925 -0.03345581 -0.04443153
0.3379569 -0.06292286 -0.2391589 -0.08628026 0.2861652 0.1320556 0.1043316
-0.1808524 0.1537112 -0.1431448 0.06239217 0.03263998 -0.05218023 -0.0721901
-0.1595773 0.1250234 -0.1150828 0.04674864 0.02149925 -0.03345581 -0.04443153
-0.1595773 0.1250234 -0.1150828 0.04674864 0.02149925 -0.03345581 -0.04443153
-0.0953214 0.09449063 -0.1396559 0.08038353 0.1271484 0.03101655 -0.008630567
-0.1595773 0.1250234 -0.1150828 0.04674864 0.02149925 -0.03345581 -0.04443153
-0.1595773 0.1250234 -0.1150828 0.04674864 0.02149925 -0.03345581 -0.04443153
-0.1595773 0.1250234 -0.1150828 0.04674864 0.02149925 -0.03345581 -0.04443153
-0.1899758 0.05535139 -0.06892203 0.03476981 0.02815561 -0.01904785 -0.03334278
4.050272e-05 0.08667732 -0.02406779 0.09345922 -0.1375893 -0.1430362 -0.07042888
-0.1595773 0.1250234 -0.1150828 0.04674864 0.02149925 -0.03345581 -0.04443153
-0.1595773 0.1250234 -0.1150828 0.04674864 0.02149925 -0.03345581 -0.04443153
-0.1595773 0.1250234 -0.1150828 0.04674864 0.02149925 -0.03345581 -0.04443153
-0.3252158 -0.2709300 0.1504059 -0.01590644 0.02565659 0.01046981 -0.004721362
-0.1666742 0.1364444 -0.1374194 0.01126067 0.01211427 -0.04169111 -0.06061546
-0.1595773 0.1250234 -0.1150828 0.04674864 0.02149925 -0.03345581 -0.04443153
0.1997701 0.006428307 -0.1162354 0.2641989 0.1285550 0.08592191 -0.0874976
-0.1773790 0.1510826 -0.1530144 0.01296344 0.01478436 -0.05148124 -0.07616952
-0.1682250 0.1527629 -0.1064057 0.04344863 0.03617752 -0.02931892 -0.04856179
-0.1595773 0.1250234 -0.1150828 0.04674864 0.02149925 -0.03345581 -0.04443153
-0.1773790 0.1510826 -0.1530144 0.01296344 0.01478436 -0.05148124 -0.07616952
-0.1692392 0.1372334 -0.1269147 0.05297519 0.02547916 -0.03999271 -0.05378768
-0.1595773 0.1250234 -0.1150828 0.04674864 0.02149925 -0.03345581 -0.04443153
-0.1698619 0.1385549 -0.1282705 0.05393195 0.02638329 -0.04158011 -0.05628337
-0.1595773 0.1250234 -0.1150828 0.04674864 0.02149925 -0.03345581 -0.04443153
-0.3060260 -0.2477745 0.1373324 -0.01530262 0.02514353 0.01540630 0.001860557
-0.1595773 0.1250234 -0.1150828 0.04674864 0.02149925 -0.03345581 -0.04443153
-0.1773790 0.1510826 -0.1530144 0.01296344 0.01478436 -0.05148124 -0.07616952
-0.1595773 0.1250234 -0.1150828 0.04674864 0.02149925 -0.03345581 -0.04443153
-0.1514734 0.3117756 0.09307498 -0.02807631 0.09396934 0.02530951 -0.02374449
-0.1595773 0.1250234 -0.1150828 0.04674864 0.02149925 -0.03345581 -0.04443153
0.1997701 0.006428307 -0.1162354 0.2641989 0.1285550 0.08592191 -0.0874976
-0.1575367 0.1709974 -0.1737689 0.2061674 -0.1827722 0.04792242 -0.2699311
-0.1899758 0.05535139 -0.06892203 0.03476981 0.02815561 -0.01904785 -0.03334278
-0.1792556 0.1939691 -0.0932364 0.03775209 0.06811453 -0.01987490 -0.05870207
-0.1595773 0.1250234 -0.1150828 0.04674864 0.02149925 -0.03345581 -0.04443153
-0.1595773 0.1250234 -0.1150828 0.04674864 0.02149925 -0.03345581 -0.04443153
-0.1595773 0.1250234 -0.1150828 0.04674864 0.02149925 -0.03345581 -0.04443153
4.050272e-05 0.08667732 -0.02406779 0.09345922 -0.1375893 -0.1430362 -0.07042888
-0.1703442 -0.3201065 0.2532732 0.04109462 -0.1685097 -0.1332082 -0.04687093
-0.1595773 0.1250234 -0.1150828 0.04674864 0.02149925 -0.03345581 -0.04443153
-0.1773790 0.1510826 -0.1530144 0.01296344 0.01478436 -0.05148124 -0.07616952
-0.1595773 0.1250234 -0.1150828 0.04674864 0.02149925 -0.03345581 -0.04443153
-0.1595773 0.1250234 -0.1150828 0.04674864 0.02149925 -0.03345581 -0.04443153
-0.1705274 0.1400351 -0.1297998 0.05505878 0.02754152 -0.04365126 -0.05963293
-0.1456746 0.1313833 -0.137722 0.1236588 -0.0007576305 0.02020050 -0.1582937
-0.1504592 0.3273051 0.113584 -0.03760286 0.1046677 0.03598330 -0.01851860
-0.02683929 -0.1344933 0.03330830 -0.2193691 -0.1946845 -0.1100720 -0.05552044
0.1997701 0.006428307 -0.1162354 0.2641989 0.1285550 0.08592191 -0.0874976
-0.1595773 0.1250234 -0.1150828 0.04674864 0.02149925 -0.03345581 -0.04443153
-0.1705274 0.1400351 -0.1297998 0.05505878 0.02754152 -0.04365126 -0.05963293
-0.1595773 0.1250234 -0.1150828 0.04674864 0.02149925 -0.03345581 -0.04443153
-0.1595773 0.1250234 -0.1150828 0.04674864 0.02149925 -0.03345581 -0.04443153
-0.1707096 0.1386377 -0.1287301 0.0545789 0.02751608 -0.04277269 -0.05857625
-0.1837189 0.1624170 -0.1526190 0.07257209 0.07987275 -0.3251153 0.1206726
-0.1773790 0.1510826 -0.1530144 0.01296344 0.01478436 -0.05148124 -0.07616952
-0.1595773 0.1250234 -0.1150828 0.04674864 0.02149925 -0.03345581 -0.04443153
-0.1421122 0.1544249 -0.2775255 -0.3357153 -0.06679686 -0.06840893 -0.124778
-0.1625041 0.3529818 0.1062442 -0.03377286 0.1259063 0.03475353 -0.03388478
-0.1595773 0.1250234 -0.1150828 0.04674864 0.02149925 -0.03345581 -0.04443153
-0.1595773 0.1250234 -0.1150828 0.04674864 0.02149925 -0.03345581 -0.04443153
-0.1773790 0.1510826 -0.1530144 0.01296344 0.01478436 -0.05148124 -0.07616952
-0.1595773 0.1250234 -0.1150828 0.04674864 0.02149925 -0.03345581 -0.04443153
-0.1595773 0.1250234 -0.1150828 0.04674864 0.02149925 -0.03345581 -0.04443153
-0.1595773 0.1250234 -0.1150828 0.04674864 0.02149925 -0.03345581 -0.04443153
-0.1692392 0.1372334 -0.1269147 0.05297519 0.02547916 -0.03999271 -0.05378768
-0.1666742 0.1364444 -0.1374194 0.01126067 0.01211427 -0.04169111 -0.06061546
-0.1595773 0.1250234 -0.1150828 0.04674864 0.02149925 -0.03345581 -0.04443153
0.250822 -0.01056944 -0.1762866 0.1679575 0.2979226 0.09152707 0.06838151
-0.1595773 0.1250234 -0.1150828 0.04674864 0.02149925 -0.03345581 -0.04443153
-0.2364960 -0.07545146 0.02080119 0.01180225 0.02757606 -0.001409925 -0.01558715
-0.1808524 0.1537112 -0.1431448 0.06239217 0.03263998 -0.05218023 -0.0721901
-0.1734343 0.1488855 -0.1394313 0.06538878 0.0749887 -0.3169910 0.1325245
-0.1595773 0.1250234 -0.1150828 0.04674864 0.02149925 -0.03345581 -0.04443153
-0.1456746 0.1313833 -0.137722 0.1236588 -0.0007576305 0.02020050 -0.1582937
0.05007943 0.06598156 -0.1025757 -0.1844227 -0.2007614 -0.1421179 -0.08436482
-0.1595773 0.1250234 -0.1150828 0.04674864 0.02149925 -0.03345581 -0.04443153
-0.1595773 0.1250234 -0.1150828 0.04674864 0.02149925 -0.03345581 -0.04443153
-0.5492793 -0.8321981 0.5342341 -0.09366824 -0.01209143 0.03275893 0.03382896
-0.1595773 0.1250234 -0.1150828 0.04674864 0.02149925 -0.03345581 -0.04443153
-0.1595773 0.1250234 -0.1150828 0.04674864 0.02149925 -0.03345581 -0.04443153
-0.2205276 -0.01267026 -0.02305872 0.02800731 0.01400731 -0.03088116 -0.03956261
-0.1595773 0.1250234 -0.1150828 0.04674864 0.02149925 -0.03345581 -0.04443153
-0.1595773 0.1250234 -0.1150828 0.04674864 0.02149925 -0.03345581 -0.04443153
-0.1595773 0.1250234 -0.1150828 0.04674864 0.02149925 -0.03345581 -0.04443153
-0.1595773 0.1250234 -0.1150828 0.04674864 0.02149925 -0.03345581 -0.04443153
-0.1595773 0.1250234 -0.1150828 0.04674864 0.02149925 -0.03345581 -0.04443153
-0.1595773 0.1250234 -0.1150828 0.04674864 0.02149925 -0.03345581 -0.04443153
-0.1595773 0.1250234 -0.1150828 0.04674864 0.02149925 -0.03345581 -0.04443153
-0.2205276 -0.01267026 -0.02305872 0.02800731 0.01400731 -0.03088116 -0.03956261
-0.1243104 0.1283657 -0.2395939 -0.3019301 -0.06008198 -0.0503835 -0.09304001
-0.1243104 0.1283657 -0.2395939 -0.3019301 -0.06008198 -0.0503835 -0.09304001
0.3379569 -0.06292286 -0.2391589 -0.08628026 0.2861652 0.1320556 0.1043316
-0.2217384 -0.01635610 -0.02105226 0.02565638 0.02144174 -0.02253879 -0.03491344
-0.2920216 0.3392713 -0.5824458 -0.3509800 -0.5034819 -0.01855438 -0.6691124
-0.1918025 0.1687229 -0.1578618 0.07070232 0.03868225 -0.06237567 -0.0873915
-0.3261221 -0.2661876 0.1516717 -0.0002535549 -0.01793945 -0.03707305 -0.03061462
-0.1595666 0.134996 -0.1185733 0.06474029 -0.02009704 -0.06586686 -0.07775603
-0.1595773 0.1250234 -0.1150828 0.04674864 0.02149925 -0.03345581 -0.04443153
-0.1595773 0.1250234 -0.1150828 0.04674864 0.02149925 -0.03345581 -0.04443153
0.7661579 -0.2245749 -0.2624310 0.06871385 0.5693034 0.2750639 0.2488826
-0.1243104 0.1283657 -0.2395939 -0.3019301 -0.06008198 -0.0503835 -0.09304001
-0.1161706 0.1145164 -0.2134941 -0.2619183 -0.04938718 -0.03889498 -0.07065817
-0.1773790 0.1510826 -0.1530144 0.01296344 0.01478436 -0.05148124 -0.07616952
-0.1595773 0.1250234 -0.1150828 0.04674864 0.02149925 -0.03345581 -0.04443153
-0.1595773 0.1250234 -0.1150828 0.04674864 0.02149925 -0.03345581 -0.04443153
-0.1734343 0.1488855 -0.1394313 0.06538878 0.0749887 -0.3169910 0.1325245
-0.1595773 0.1250234 -0.1150828 0.04674864 0.02149925 -0.03345581 -0.04443153
-0.1595773 0.1250234 -0.1150828 0.04674864 0.02149925 -0.03345581 -0.04443153
-0.1595773 0.1250234 -0.1150828 0.04674864 0.02149925 -0.03345581 -0.04443153
-0.1692392 0.1372334 -0.1269147 0.05297519 0.02547916 -0.03999271 -0.05378768
-0.1595773 0.1250234 -0.1150828 0.04674864 0.02149925 -0.03345581 -0.04443153
-0.1504592 0.3273051 0.113584 -0.03760286 0.1046677 0.03598330 -0.01851860
-0.1666742 0.1364444 -0.1374194 0.01126067 0.01211427 -0.04169111 -0.06061546
-0.1243104 0.1283657 -0.2395939 -0.3019301 -0.06008198 -0.0503835 -0.09304001
1.125505 -0.34317 -0.2635837 0.2861641 0.6763592 0.3944416 0.2058166
-0.1595773 0.1250234 -0.1150828 0.04674864 0.02149925 -0.03345581 -0.04443153
-0.1595773 0.1250234 -0.1150828 0.04674864 0.02149925 -0.03345581 -0.04443153
0.01679203 0.24569 0.1754129 0.02193428 -0.07979753 -0.08840775 -0.04561158
-0.5272487 -1.200239 0.850438 -0.08974385 -0.1950832 -0.06609778 0.02936887
-0.1899758 0.05535139 -0.06892203 0.03476981 0.02815561 -0.01904785 -0.03334278
0.3379569 -0.06292286 -0.2391589 -0.08628026 0.2861652 0.1320556 0.1043316
-0.1595773 0.1250234 -0.1150828 0.04674864 0.02149925 -0.03345581 -0.04443153
-0.1595773 0.1250234 -0.1150828 0.04674864 0.02149925 -0.03345581 -0.04443153
-0.1243104 0.1283657 -0.2395939 -0.3019301 -0.06008198 -0.0503835 -0.09304001
-0.1595773 0.1250234 -0.1150828 0.04674864 0.02149925 -0.03345581 -0.04443153
-0.1773790 0.1510826 -0.1530144 0.01296344 0.01478436 -0.05148124 -0.07616952
0.2686238 -0.03662868 -0.1383549 0.2017427 0.3046374 0.1095525 0.1001195
-0.1243104 0.1283657 -0.2395939 -0.3019301 -0.06008198 -0.0503835 -0.09304001
-0.1595773 0.1250234 -0.1150828 0.04674864 0.02149925 -0.03345581 -0.04443153
-0.1595773 0.1250234 -0.1150828 0.04674864 0.02149925 -0.03345581 -0.04443153
0.2686238 -0.03662868 -0.1383549 0.2017427 0.3046374 0.1095525 0.1001195
-0.1773790 0.1510826 -0.1530144 0.01296344 0.01478436 -0.05148124 -0.07616952
0.2686238 -0.03662868 -0.1383549 0.2017427 0.3046374 0.1095525 0.1001195
-0.1692392 0.1372334 -0.1269147 0.05297519 0.02547916 -0.03999271 -0.05378768
-0.1773790 0.1510826 -0.1530144 0.01296344 0.01478436 -0.05148124 -0.07616952
-0.1838623 0.1394029 -0.1327405 0.05878928 0.03250254 -0.04768375 -0.06717203
-0.1595773 0.1250234 -0.1150828 0.04674864 0.02149925 -0.03345581 -0.04443153
-0.1705274 0.1400351 -0.1297998 0.05505878 0.02754152 -0.04365126 -0.05963293
4.050272e-05 0.08667732 -0.02406779 0.09345922 -0.1375893 -0.1430362 -0.07042888
-0.1595773 0.1250234 -0.1150828 0.04674864 0.02149925 -0.03345581 -0.04443153
-0.1595773 0.1250234 -0.1150828 0.04674864 0.02149925 -0.03345581 -0.04443153
-0.1595773 0.1250234 -0.1150828 0.04674864 0.02149925 -0.03345581 -0.04443153
-0.1595773 0.1250234 -0.1150828 0.04674864 0.02149925 -0.03345581 -0.04443153
-0.1629175 0.1897586 -0.3245277 -0.3462212 -0.1285411 -0.0613405 -0.2320843
-0.1595773 0.1250234 -0.1150828 0.04674864 0.02149925 -0.03345581 -0.04443153
0.856922 -0.219864 -0.1492966 0.1778806 0.2341324 0.1418529 0.0352682
-0.2595058 -0.1169716 0.04760919 0.007664948 0.02572308 -0.002231626 -0.01589508
0.7661579 -0.2245749 -0.2624310 0.06871385 0.5693034 0.2750639 0.2488826
0.2686238 -0.03662868 -0.1383549 0.2017427 0.3046374 0.1095525 0.1001195
-0.1595773 0.1250234 -0.1150828 0.04674864 0.02149925 -0.03345581 -0.04443153
-0.1808524 0.1537112 -0.1431448 0.06239217 0.03263998 -0.05218023 -0.0721901
-0.1595773 0.1250234 -0.1150828 0.04674864 0.02149925 -0.03345581 -0.04443153
-0.1595773 0.1250234 -0.1150828 0.04674864 0.02149925 -0.03345581 -0.04443153
-0.1715742 0.149201 -0.1412466 0.08763592 -0.07340425 0.01710949 -0.06824263
-0.1413411 0.5295867 0.3422508 -0.1219544 0.1878361 0.1054224 0.00739432
-0.1773790 0.1510826 -0.1530144 0.01296344 0.01478436 -0.05148124 -0.07616952
-0.1595773 0.1250234 -0.1150828 0.04674864 0.02149925 -0.03345581 -0.04443153
-0.1595773 0.1250234 -0.1150828 0.04674864 0.02149925 -0.03345581 -0.04443153
-0.1595773 0.1250234 -0.1150828 0.04674864 0.02149925 -0.03345581 -0.04443153
-0.03330145 -0.1061958 0.1139012 0.1863037 -0.5459037 -0.1437147 -0.3989053
-0.1595773 0.1250234 -0.1150828 0.04674864 0.02149925 -0.03345581 -0.04443153
-0.1118174 0.03117861 -0.1161344 0.1453148 0.1115479 0.09908083 -0.1114040
-0.1773790 0.1510826 -0.1530144 0.01296344 0.01478436 -0.05148124 -0.07616952
-0.1595773 0.1250234 -0.1150828 0.04674864 0.02149925 -0.03345581 -0.04443153
0.1997701 0.006428307 -0.1162354 0.2641989 0.1285550 0.08592191 -0.0874976
-0.1789012 0.1494434 -0.1387466 0.05920173 0.02945908 -0.04652961 -0.06314383
-0.1773790 0.1510826 -0.1530144 0.01296344 0.01478436 -0.05148124 -0.07616952
-0.1773790 0.1510826 -0.1530144 0.01296344 0.01478436 -0.05148124 -0.07616952
0.01679203 0.24569 0.1754129 0.02193428 -0.07979753 -0.08840775 -0.04561158
-0.1595773 0.1250234 -0.1150828 0.04674864 0.02149925 -0.03345581 -0.04443153
-0.1595773 0.1250234 -0.1150828 0.04674864 0.02149925 -0.03345581 -0.04443153
-0.2021275 0.182399 -0.1712068 0.0780357 0.04378071 -0.07090465 -0.09994868
1.125505 -0.34317 -0.2635837 0.2861641 0.6763592 0.3944416 0.2058166
-0.1773790 0.1510826 -0.1530144 0.01296344 0.01478436 -0.05148124 -0.07616952
-0.1595773 0.1250234 -0.1150828 0.04674864 0.02149925 -0.03345581 -0.04443153
-0.1595773 0.1250234 -0.1150828 0.04674864 0.02149925 -0.03345581 -0.04443153
-0.1243104 0.1283657 -0.2395939 -0.3019301 -0.06008198 -0.0503835 -0.09304001
0.6279711 -0.1552238 -0.1395076 0.419193 0.4116932 0.2289302 0.05705342
-0.1773790 0.1510826 -0.1530144 0.01296344 0.01478436 -0.05148124 -0.07616952
-0.1595773 0.1250234 -0.1150828 0.04674864 0.02149925 -0.03345581 -0.04443153
-0.1595773 0.1250234 -0.1150828 0.04674864 0.02149925 -0.03345581 -0.04443153
-0.1698619 0.1385549 -0.1282705 0.05393195 0.02638329 -0.04158011 -0.05628337
-0.1773790 0.1510826 -0.1530144 0.01296344 0.01478436 -0.05148124 -0.07616952
-0.1243104 0.1283657 -0.2395939 -0.3019301 -0.06008198 -0.0503835 -0.09304001
-0.2364960 -0.07545146 0.02080119 0.01180225 0.02757606 -0.001409925 -0.01558715
-0.1595773 0.1250234 -0.1150828 0.04674864 0.02149925 -0.03345581 -0.04443153
-0.1595773 0.1250234 -0.1150828 0.04674864 0.02149925 -0.03345581 -0.04443153
-0.4126878 -0.5016856 0.3126373 -0.03996466 -0.02257515 -0.01201383 -0.004175269
-0.1456746 0.1313833 -0.137722 0.1236588 -0.0007576305 0.02020050 -0.1582937
-0.1595773 0.1250234 -0.1150828 0.04674864 0.02149925 -0.03345581 -0.04443153
-0.1595773 0.1250234 -0.1150828 0.04674864 0.02149925 -0.03345581 -0.04443153
0.2686238 -0.03662868 -0.1383549 0.2017427 0.3046374 0.1095525 0.1001195
-0.1595773 0.1250234 -0.1150828 0.04674864 0.02149925 -0.03345581 -0.04443153
-0.1595773 0.1250234 -0.1150828 0.04674864 0.02149925 -0.03345581 -0.04443153
-0.1595773 0.1250234 -0.1150828 0.04674864 0.02149925 -0.03345581 -0.04443153
-0.1732856 0.1489361 -0.1397483 0.07173069 -0.03086002 -0.01815208 -0.1355539
-0.1402831 0.1194250 -0.1373789 0.03660751 0.06619906 -0.01187103 -0.02628346
0.653205 -0.0796328 0.5522658 -0.3663604 -0.2537773 -0.1634470 -0.1331070
-0.1705274 0.1400351 -0.1297998 0.05505878 0.02754152 -0.04365126 -0.05963293
-0.1595773 0.1250234 -0.1150828 0.04674864 0.02149925 -0.03345581 -0.04443153
-0.1705274 0.1400351 -0.1297998 0.05505878 0.02754152 -0.04365126 -0.05963293
-0.1595773 0.1250234 -0.1150828 0.04674864 0.02149925 -0.03345581 -0.04443153
-0.1095383 0.1043276 -0.1935907 -0.2311332 -0.04167276 -0.03253751 -0.05836747
-0.1595773 0.1250234 -0.1150828 0.04674864 0.02149925 -0.03345581 -0.04443153
-0.1595773 0.1250234 -0.1150828 0.04674864 0.02149925 -0.03345581 -0.04443153
0.759061 -0.2131539 -0.2847677 0.03322588 0.5599185 0.2668286 0.2326987
-0.1595773 0.1250234 -0.1150828 0.04674864 0.02149925 -0.03345581 -0.04443153
-0.1773790 0.1510826 -0.1530144 0.01296344 0.01478436 -0.05148124 -0.07616952
-0.1734343 0.1488855 -0.1394313 0.06538878 0.0749887 -0.3169910 0.1325245
-0.1595773 0.1250234 -0.1150828 0.04674864 0.02149925 -0.03345581 -0.04443153
-0.1595773 0.1250234 -0.1150828 0.04674864 0.02149925 -0.03345581 -0.04443153
-0.1595773 0.1250234 -0.1150828 0.04674864 0.02149925 -0.03345581 -0.04443153
-0.1595773 0.1250234 -0.1150828 0.04674864 0.02149925 -0.03345581 -0.04443153
-0.1595773 0.1250234 -0.1150828 0.04674864 0.02149925 -0.03345581 -0.04443153
-0.1595773 0.1250234 -0.1150828 0.04674864 0.02149925 -0.03345581 -0.04443153
-0.1595773 0.1250234 -0.1150828 0.04674864 0.02149925 -0.03345581 -0.04443153
-0.1734343 0.1488855 -0.1394313 0.06538878 0.0749887 -0.3169910 0.1325245
-0.1595773 0.1250234 -0.1150828 0.04674864 0.02149925 -0.03345581 -0.04443153
-0.1428257 0.2840361 0.08439786 -0.02477630 0.07929106 0.02117261 -0.01961424
-0.2364960 -0.07545146 0.02080119 0.01180225 0.02757606 -0.001409925 -0.01558715
-0.1595773 0.1250234 -0.1150828 0.04674864 0.02149925 -0.03345581 -0.04443153
-0.1595773 0.1250234 -0.1150828 0.04674864 0.02149925 -0.03345581 -0.04443153
-0.1595773 0.1250234 -0.1150828 0.04674864 0.02149925 -0.03345581 -0.04443153
-0.1595773 0.1250234 -0.1150828 0.04674864 0.02149925 -0.03345581 -0.04443153
-0.1595773 0.1250234 -0.1150828 0.04674864 0.02149925 -0.03345581 -0.04443153
-0.1595773 0.1250234 -0.1150828 0.04674864 0.02149925 -0.03345581 -0.04443153
-0.1243104 0.1283657 -0.2395939 -0.3019301 -0.06008198 -0.0503835 -0.09304001
-0.1421122 0.1544249 -0.2775255 -0.3357153 -0.06679686 -0.06840893 -0.124778
-0.1899758 0.05535139 -0.06892203 0.03476981 0.02815561 -0.01904785 -0.03334278
-0.1595773 0.1250234 -0.1150828 0.04674864 0.02149925 -0.03345581 -0.04443153
-0.1899758 0.05535139 -0.06892203 0.03476981 0.02815561 -0.01904785 -0.03334278
-0.2192501 -0.005014301 -0.02936994 0.02799146 0.02590615 -0.02072895 -0.03527168
-0.1595773 0.1250234 -0.1150828 0.04674864 0.02149925 -0.03345581 -0.04443153
-0.00946534 0.05958216 -0.001442790 0.09891964 -0.1652416 -0.167007 -0.0802763
-0.1595773 0.1250234 -0.1150828 0.04674864 0.02149925 -0.03345581 -0.04443153
-0.1595773 0.1250234 -0.1150828 0.04674864 0.02149925 -0.03345581 -0.04443153
-0.1705705 0.1401972 -0.1299774 0.05523612 0.02781896 -0.04418572 -0.06059484
-0.1595773 0.1250234 -0.1150828 0.04674864 0.02149925 -0.03345581 -0.04443153
-0.0447304 -0.1100109 -0.01348395 -0.05753174 -0.4047844 -0.04380472 -0.2952769
-0.1243104 0.1283657 -0.2395939 -0.3019301 -0.06008198 -0.0503835 -0.09304001
-0.1595773 0.1250234 -0.1150828 0.04674864 0.02149925 -0.03345581 -0.04443153
-0.1944433 0.2188626 -0.3067791 -0.1743416 0.0001640929 -0.1074507 -0.1703506
-0.2192501 -0.005014301 -0.02936994 0.02799146 0.02590615 -0.02072895 -0.03527168
-0.1595773 0.1250234 -0.1150828 0.04674864 0.02149925 -0.03345581 -0.04443153
-0.1595773 0.1250234 -0.1150828 0.04674864 0.02149925 -0.03345581 -0.04443153
-0.3556144 -0.340602 0.1965667 -0.02788527 0.03231296 0.02487778 0.006367381
-0.1243104 0.1283657 -0.2395939 -0.3019301 -0.06008198 -0.0503835 -0.09304001
-0.1918025 0.1687229 -0.1578618 0.07070232 0.03868225 -0.06237567 -0.0873915
0.2686238 -0.03662868 -0.1383549 0.2017427 0.3046374 0.1095525 0.1001195
-0.1243104 0.1283657 -0.2395939 -0.3019301 -0.06008198 -0.0503835 -0.09304001
-0.1595773 0.1250234 -0.1150828 0.04674864 0.02149925 -0.03345581 -0.04443153
-0.1595773 0.1250234 -0.1150828 0.04674864 0.02149925 -0.03345581 -0.04443153
-0.1595773 0.1250234 -0.1150828 0.04674864 0.02149925 -0.03345581 -0.04443153
0.7661579 -0.2245749 -0.2624310 0.06871385 0.5693034 0.2750639 0.2488826
-0.1595773 0.1250234 -0.1150828 0.04674864 0.02149925 -0.03345581 -0.04443153
-0.1595773 0.1250234 -0.1150828 0.04674864 0.02149925 -0.03345581 -0.04443153
-0.1595773 0.1250234 -0.1150828 0.04674864 0.02149925 -0.03345581 -0.04443153
-0.1595773 0.1250234 -0.1150828 0.04674864 0.02149925 -0.03345581 -0.04443153
-0.5043412 -0.7174796 0.4515628 -0.08868864 0.02761974 0.06085403 0.04232481
-0.210132 0.1972674 0.1992968 -0.05636005 0.1090746 0.04871017 -0.009358753
-0.1595773 0.1250234 -0.1150828 0.04674864 0.02149925 -0.03345581 -0.04443153
-0.1595773 0.1250234 -0.1150828 0.04674864 0.02149925 -0.03345581 -0.04443153
-0.1773790 0.1510826 -0.1530144 0.01296344 0.01478436 -0.05148124 -0.07616952
-0.1595773 0.1250234 -0.1150828 0.04674864 0.02149925 -0.03345581 -0.04443153
-0.1595773 0.1250234 -0.1150828 0.04674864 0.02149925 -0.03345581 -0.04443153
-0.1595773 0.1250234 -0.1150828 0.04674864 0.02149925 -0.03345581 -0.04443153
-0.1595773 0.1250234 -0.1150828 0.04674864 0.02149925 -0.03345581 -0.04443153
-0.2217384 -0.01635610 -0.02105226 0.02565638 0.02144174 -0.02253879 -0.03491344
-0.2595058 -0.1169716 0.04760919 0.007664948 0.02572308 -0.002231626 -0.01589508
-0.1595773 0.1250234 -0.1150828 0.04674864 0.02149925 -0.03345581 -0.04443153
0.7661579 -0.2245749 -0.2624310 0.06871385 0.5693034 0.2750639 0.2488826
-0.1595773 0.1250234 -0.1150828 0.04674864 0.02149925 -0.03345581 -0.04443153
0.4282415 -0.07497474 -0.04733992 0.2484533 0.1455488 -2.787128e-05 0.07412215
-0.1595773 0.1250234 -0.1150828 0.04674864 0.02149925 -0.03345581 -0.04443153
-0.1595773 0.1250234 -0.1150828 0.04674864 0.02149925 -0.03345581 -0.04443153
-0.1595773 0.1250234 -0.1150828 0.04674864 0.02149925 -0.03345581 -0.04443153
-0.1666742 0.1364444 -0.1374194 0.01126067 0.01211427 -0.04169111 -0.06061546
-0.1595773 0.1250234 -0.1150828 0.04674864 0.02149925 -0.03345581 -0.04443153
-0.1698619 0.1385549 -0.1282705 0.05393195 0.02638329 -0.04158011 -0.05628337
-0.1095383 0.1043276 -0.1935907 -0.2311332 -0.04167276 -0.03253751 -0.05836747
-0.1682250 0.1527629 -0.1064057 0.04344863 0.03617752 -0.02931892 -0.04856179
0.2686238 -0.03662868 -0.1383549 0.2017427 0.3046374 0.1095525 0.1001195
-0.2730418 -0.1190265 0.04589014 0.01167976 0.02466233 -0.01297747 -0.02763949
0.01679203 0.24569 0.1754129 0.02193428 -0.07979753 -0.08840775 -0.04561158
-0.1996228 0.02032817 -0.04384038 0.03000509 0.01744309 -0.02603451 -0.03574781
-0.1732856 0.1489361 -0.1397483 0.07173069 -0.03086002 -0.01815208 -0.1355539
0.05007943 0.06598156 -0.1025757 -0.1844227 -0.2007614 -0.1421179 -0.08436482
0.01679203 0.24569 0.1754129 0.02193428 -0.07979753 -0.08840775 -0.04561158
-0.1595773 0.1250234 -0.1150828 0.04674864 0.02149925 -0.03345581 -0.04443153
-0.1713838 0.1422932 -0.1321917 0.05711889 0.03045005 -0.04925179 -0.06983677
-0.1705274 0.1400351 -0.1297998 0.05505878 0.02754152 -0.04365126 -0.05963293
